10 55 8 
10 55 8 
10 58 9 
10 53 9 
10 50 11 
10 51 8 
10 56 10 
10 50 11 
10 51 10 
10 49 11 
10 61 9 
10 57 10 
10 55 9 
10 49 7 
10 56 8 
10 51 11 
10 49 11 
10 58 10 
10 49 10 
10 48 9 
10 46 7 
10 53 7 
10 52 9 
10 52 7 
10 57 8 
10 58 9 
10 53 10 
10 55 10 
10 51 10 
10 49 7 
10 55 9 
10 49 11 
10 48 7 
10 51 12 
10 52 9 
10 56 11 
10 57 11 
10 51 10 
10 50 10 
10 48 8 
10 54 9 
10 53 9 
10 47 9 
10 52 10 
10 48 9 
10 55 9 
10 56 8 
10 52 8 
10 52 9 
10 53 8 
10 51 9 
10 54 10 
10 50 10 
10 50 11 
10 57 9 
10 51 10 
10 49 8 
10 58 11 
10 51 9 
10 51 8 
10 47 8 
10 49 7 
10 54 9 
10 53 7 
10 46 4 
10 53 7 
10 55 7 
10 50 10 
10 51 9 
10 49 12 
10 52 8 
10 57 9 
10 47 7 
10 54 6 
10 53 7 
10 51 9 
10 48 9 
10 57 11 
10 47 9 
10 50 9 
10 59 10 
10 49 9 
10 47 9 
10 57 10 
10 59 8 
10 51 8 
10 49 7 
10 56 8 
10 52 9 
10 58 4 
10 51 11 
10 53 9 
10 46 6 
10 53 10 
10 53 9 
10 57 8 
10 48 8 
10 57 9 
10 49 8 
10 55 9 
20 141 24 
20 135 22 
20 122 20 
20 127 20 
20 124 20 
20 126 21 
20 125 24 
20 130 24 
20 135 21 
20 127 25 
20 121 17 
20 121 22 
20 127 24 
20 133 25 
20 127 21 
20 129 17 
20 124 27 
20 127 25 
20 125 26 
20 129 23 
20 123 22 
20 122 21 
20 126 22 
20 123 19 
20 147 23 
20 121 20 
20 128 20 
20 124 21 
20 128 20 
20 139 19 
20 157 18 
20 126 26 
20 137 22 
20 141 23 
20 123 21 
20 142 20 
20 126 24 
20 124 26 
20 120 21 
20 127 23 
20 138 26 
20 133 24 
20 123 23 
20 134 24 
20 125 22 
20 121 20 
20 149 27 
20 119 21 
20 121 22 
20 131 24 
20 131 23 
20 128 25 
20 150 25 
20 121 19 
20 136 24 
20 130 21 
20 125 21 
20 126 24 
20 144 22 
20 123 27 
20 128 23 
20 128 21 
20 133 20 
20 120 24 
20 127 23 
20 125 18 
20 127 21 
20 123 20 
20 133 24 
20 128 18 
20 127 24 
20 133 22 
20 127 23 
20 131 25 
20 130 21 
20 131 20 
20 123 22 
20 126 26 
20 155 22 
20 143 23 
20 123 23 
20 127 25 
20 124 26 
20 145 20 
20 127 22 
20 116 17 
20 143 21 
20 138 21 
20 124 25 
20 126 24 
20 133 23 
20 123 19 
20 135 25 
20 138 22 
20 133 24 
20 132 20 
20 143 20 
20 128 27 
20 125 25 
20 142 24 
30 208 35 
30 221 39 
30 217 40 
30 214 32 
30 230 35 
30 238 33 
30 245 37 
30 216 33 
30 270 36 
30 210 40 
30 214 33 
30 213 40 
30 238 37 
30 242 39 
30 217 35 
30 245 33 
30 229 33 
30 215 40 
30 212 36 
30 230 37 
30 207 41 
30 228 36 
30 209 41 
30 225 41 
30 214 33 
30 239 40 
30 223 39 
30 208 34 
30 256 35 
30 204 34 
30 244 34 
30 218 35 
30 211 36 
30 207 40 
30 206 42 
30 206 40 
30 199 34 
30 243 41 
30 222 34 
30 241 39 
30 208 41 
30 235 37 
30 220 37 
30 213 35 
30 242 33 
30 230 37 
30 206 38 
30 219 37 
30 213 36 
30 251 40 
30 204 30 
30 217 40 
30 221 37 
30 220 40 
30 209 33 
30 217 38 
30 219 36 
30 236 38 
30 212 40 
30 224 34 
30 212 33 
30 219 35 
30 256 35 
30 222 37 
30 207 36 
30 208 31 
30 225 41 
30 217 40 
30 220 43 
30 202 37 
30 223 37 
30 234 38 
30 213 29 
30 205 35 
30 207 40 
30 241 39 
30 212 42 
30 209 37 
30 247 36 
30 258 38 
30 250 43 
30 227 35 
30 224 41 
30 234 40 
30 248 32 
30 210 37 
30 221 39 
30 201 34 
30 241 38 
30 240 33 
30 232 35 
30 213 41 
30 244 39 
30 221 46 
30 238 43 
30 216 35 
30 222 39 
30 206 38 
30 212 40 
30 228 42 
40 317 59 
40 321 59 
40 326 57 
40 316 57 
40 353 50 
40 359 39 
40 336 59 
40 325 52 
40 336 48 
40 318 53 
40 310 56 
40 303 56 
40 324 54 
40 305 50 
40 299 50 
40 297 54 
40 295 55 
40 317 53 
40 310 52 
40 310 49 
40 315 45 
40 308 54 
40 313 56 
40 308 57 
40 325 55 
40 356 50 
40 285 52 
40 346 54 
40 323 56 
40 329 51 
40 337 55 
40 342 54 
40 313 49 
40 309 52 
40 313 56 
40 299 49 
40 327 55 
40 313 54 
40 309 52 
40 319 48 
40 299 56 
40 318 56 
40 331 47 
40 302 60 
40 327 52 
40 346 46 
40 321 59 
40 330 57 
40 320 54 
40 333 51 
40 309 58 
40 315 47 
40 325 49 
40 314 50 
40 314 57 
40 300 49 
40 333 50 
40 318 59 
40 370 54 
40 321 55 
40 288 51 
40 302 53 
40 354 53 
40 311 59 
40 320 50 
40 317 52 
40 352 60 
40 286 49 
40 320 57 
40 306 55 
40 290 51 
40 352 61 
40 304 55 
40 311 54 
40 312 52 
40 332 50 
40 336 58 
40 327 55 
40 362 49 
40 326 54 
40 316 56 
40 390 53 
40 316 43 
40 306 55 
40 351 53 
40 317 55 
40 300 51 
40 387 55 
40 312 52 
40 308 58 
40 343 53 
40 300 59 
40 309 60 
40 327 54 
40 310 57 
40 312 59 
40 369 52 
40 307 49 
40 324 58 
40 294 51 
50 458 69 
50 426 71 
50 445 77 
50 389 69 
50 408 70 
50 402 72 
50 430 73 
50 411 71 
50 446 70 
50 439 76 
50 407 67 
50 438 71 
50 432 63 
50 394 67 
50 477 69 
50 414 70 
50 395 70 
50 498 69 
50 400 73 
50 408 70 
50 455 68 
50 449 72 
50 409 62 
50 435 71 
50 434 69 
50 397 80 
50 433 70 
50 417 73 
50 440 76 
50 439 70 
50 381 66 
50 402 69 
50 406 67 
50 397 74 
50 422 71 
50 451 77 
50 407 79 
50 450 72 
50 403 67 
50 422 72 
50 390 79 
50 423 73 
50 377 66 
50 396 69 
50 398 70 
50 398 70 
50 424 75 
50 407 74 
50 395 76 
50 445 68 
50 424 70 
50 399 74 
50 426 67 
50 457 65 
50 392 72 
50 444 65 
50 441 75 
50 406 72 
50 447 69 
50 388 72 
50 397 79 
50 434 70 
50 427 82 
50 440 77 
50 434 70 
50 397 76 
50 452 72 
50 448 67 
50 424 71 
50 406 79 
50 427 71 
50 448 75 
50 432 66 
50 400 75 
50 392 71 
50 430 71 
50 392 72 
50 462 65 
50 431 78 
50 424 74 
50 416 68 
50 411 69 
50 405 65 
50 428 72 
50 385 78 
50 433 77 
50 398 75 
50 402 74 
50 413 71 
50 412 69 
50 406 74 
50 387 76 
50 380 71 
50 413 70 
50 438 73 
50 394 71 
50 451 70 
50 389 69 
50 448 65 
50 385 66 
