10 61 10 
10 48 8 
10 46 11 
10 62 11 
10 40 7 
10 58 18 
10 52 13 
10 54 11 
10 55 8 
10 45 8 
20 174 41 
20 165 33 
20 176 34 
20 171 30 
20 192 29 
20 170 38 
20 178 26 
20 150 28 
20 181 34 
20 164 35 
30 322 63 
30 287 59 
30 295 48 
30 297 77 
30 338 71 
30 328 59 
30 293 58 
30 303 62 
30 294 61 
30 365 71 
40 492 86 
40 481 95 
40 483 89 
40 477 93 
40 443 98 
40 485 92 
40 476 99 
40 466 79 
40 463 86 
40 505 96 
50 653 135 
50 640 142 
50 663 120 
50 639 140 
50 627 135 
50 635 122 
50 650 141 
50 667 121 
50 650 118 
50 639 137 
