10 23 15 
10 27 19 
10 34 28 
10 23 15 
10 22 13 
10 35 27 
10 30 22 
10 35 28 
10 23 15 
10 20 12 
20 110 94 
20 110 93 
20 111 93 
20 91 74 
20 86 69 
20 99 83 
20 89 71 
20 97 80 
20 133 117 
20 97 82 
30 239 216 
30 214 187 
30 231 202 
30 273 248 
30 238 214 
30 251 224 
30 263 238 
30 211 185 
30 259 233 
30 231 203 
40 418 380 
40 375 338 
40 336 300 
40 403 364 
40 403 366 
40 348 311 
40 446 413 
40 432 395 
40 417 380 
40 443 409 
50 706 658 
50 691 648 
50 657 611 
50 666 623 
50 673 627 
50 595 550 
50 788 743 
50 747 703 
50 625 578 
50 699 655 
