10 23 13 
10 23 9 
10 25 11 
10 23 13 
10 25 10 
10 23 8 
10 24 13 
10 21 9 
10 22 12 
10 22 12 
10 21 8 
10 23 10 
10 22 11 
10 23 6 
10 23 8 
10 23 10 
10 24 11 
10 23 13 
10 25 13 
10 19 14 
10 23 10 
10 24 10 
10 22 11 
10 23 14 
10 24 7 
10 25 9 
10 23 10 
10 23 8 
10 23 11 
10 22 5 
10 19 13 
10 23 8 
10 20 7 
10 22 9 
10 22 12 
10 22 12 
10 22 15 
10 25 10 
10 24 10 
10 24 10 
10 23 11 
10 23 8 
10 22 9 
10 23 8 
10 23 8 
10 23 12 
10 23 8 
10 22 7 
10 24 6 
10 24 9 
10 23 12 
10 24 10 
10 24 14 
10 24 11 
10 20 11 
10 18 9 
10 22 7 
10 22 8 
10 22 12 
10 23 11 
10 24 12 
10 24 10 
10 23 10 
10 23 13 
10 23 10 
10 22 10 
10 25 9 
10 22 10 
10 22 12 
10 20 12 
10 25 9 
10 24 14 
10 24 12 
10 22 10 
10 24 8 
10 21 8 
10 24 10 
10 22 11 
10 22 12 
10 25 10 
10 24 9 
10 22 7 
10 25 12 
10 22 9 
10 20 10 
10 24 9 
10 20 8 
10 23 13 
10 22 12 
10 25 8 
10 22 11 
10 21 11 
10 24 11 
10 24 9 
10 21 11 
10 23 12 
10 21 12 
10 25 11 
10 23 10 
10 22 12 
20 63 32 
20 66 30 
20 64 29 
20 60 33 
20 65 33 
20 66 31 
20 61 31 
20 62 27 
20 64 31 
20 65 31 
20 64 30 
20 67 28 
20 63 29 
20 63 32 
20 66 30 
20 64 27 
20 63 21 
20 64 33 
20 64 30 
20 62 31 
20 64 30 
20 65 33 
20 66 30 
20 65 31 
20 62 32 
20 65 32 
20 65 32 
20 62 36 
20 66 30 
20 62 29 
20 67 31 
20 62 33 
20 64 30 
20 62 32 
20 65 28 
20 62 33 
20 63 30 
20 65 31 
20 60 25 
20 65 28 
20 59 22 
20 62 36 
20 60 27 
20 65 30 
20 64 24 
20 65 32 
20 66 31 
20 68 27 
20 64 30 
20 64 34 
20 67 27 
20 64 34 
20 64 31 
20 63 31 
20 61 32 
20 63 33 
20 65 32 
20 67 28 
20 60 31 
20 65 29 
20 63 29 
20 66 28 
20 60 29 
20 59 31 
20 64 30 
20 63 30 
20 65 28 
20 65 33 
20 68 31 
20 65 33 
20 66 32 
20 62 27 
20 59 28 
20 66 30 
20 62 26 
20 63 31 
20 64 36 
20 65 30 
20 66 27 
20 65 31 
20 62 28 
20 65 33 
20 66 31 
20 64 26 
20 66 30 
20 63 26 
20 64 27 
20 63 30 
20 63 30 
20 63 25 
20 63 27 
20 62 29 
20 61 29 
20 58 23 
20 62 33 
20 62 30 
20 64 26 
20 63 22 
20 64 23 
20 66 30 
30 111 46 
30 113 52 
30 113 59 
30 105 57 
30 111 51 
30 113 56 
30 109 53 
30 111 56 
30 115 51 
30 112 56 
30 115 50 
30 110 52 
30 110 43 
30 102 47 
30 110 52 
30 110 45 
30 112 47 
30 114 55 
30 114 57 
30 111 47 
30 114 52 
30 113 52 
30 112 55 
30 113 51 
30 117 52 
30 113 53 
30 112 52 
30 111 51 
30 111 58 
30 110 51 
30 113 52 
30 110 50 
30 108 52 
30 108 51 
30 108 52 
30 109 50 
30 111 55 
30 114 54 
30 118 56 
30 111 55 
30 112 55 
30 113 62 
30 113 59 
30 108 47 
30 114 58 
30 113 56 
30 113 55 
30 116 50 
30 113 53 
30 111 54 
30 115 59 
30 110 54 
30 110 54 
30 115 47 
30 115 56 
30 109 59 
30 113 57 
30 111 50 
30 115 58 
30 110 57 
30 114 57 
30 114 58 
30 115 56 
30 108 53 
30 111 50 
30 108 51 
30 103 44 
30 112 55 
30 109 49 
30 111 54 
30 116 55 
30 109 55 
30 108 50 
30 111 51 
30 114 58 
30 111 54 
30 116 58 
30 111 51 
30 115 54 
30 111 51 
30 109 47 
30 112 55 
30 113 61 
30 112 50 
30 114 52 
30 114 53 
30 108 53 
30 112 54 
30 111 54 
30 104 50 
30 116 62 
30 116 52 
30 110 47 
30 110 59 
30 110 47 
30 111 48 
30 113 56 
30 115 55 
30 111 59 
30 109 55 
40 161 74 
40 166 77 
40 155 79 
40 164 90 
40 170 83 
40 163 68 
40 169 76 
40 163 84 
40 166 78 
40 162 82 
40 167 86 
40 164 74 
40 166 80 
40 161 76 
40 167 75 
40 167 77 
40 165 83 
40 169 71 
40 167 75 
40 160 76 
40 165 78 
40 170 73 
40 167 83 
40 173 84 
40 163 73 
40 169 74 
40 164 75 
40 166 82 
40 161 73 
40 159 81 
40 168 86 
40 169 82 
40 166 77 
40 162 71 
40 156 80 
40 164 81 
40 167 78 
40 167 84 
40 165 76 
40 166 78 
40 165 80 
40 167 82 
40 164 69 
40 165 81 
40 168 75 
40 162 70 
40 172 76 
40 172 79 
40 167 74 
40 167 81 
40 163 81 
40 161 82 
40 162 71 
40 161 71 
40 170 81 
40 160 76 
40 165 82 
40 170 84 
40 168 78 
40 158 80 
40 170 84 
40 155 75 
40 169 85 
40 168 73 
40 166 75 
40 160 69 
40 165 80 
40 156 77 
40 169 75 
40 165 82 
40 160 72 
40 166 78 
40 165 86 
40 172 87 
40 166 80 
40 166 86 
40 159 73 
40 167 78 
40 169 80 
40 163 67 
40 165 83 
40 167 79 
40 155 72 
40 169 75 
40 170 76 
40 168 80 
40 168 83 
40 166 77 
40 165 84 
40 164 83 
40 168 78 
40 170 83 
40 163 77 
40 167 75 
40 161 76 
40 163 80 
40 171 79 
40 159 72 
40 165 78 
40 168 79 
50 220 111 
50 220 113 
50 223 107 
50 221 96 
50 226 120 
50 226 103 
50 229 110 
50 224 103 
50 223 118 
50 222 108 
50 219 107 
50 219 108 
50 222 107 
50 221 99 
50 223 104 
50 222 115 
50 226 103 
50 220 114 
50 216 104 
50 225 108 
50 218 103 
50 230 103 
50 212 104 
50 228 109 
50 224 106 
50 214 103 
50 226 105 
50 227 101 
50 225 100 
50 220 106 
50 222 106 
50 221 111 
50 220 103 
50 222 111 
50 219 110 
50 224 106 
50 216 99 
50 219 109 
50 225 111 
50 217 104 
50 223 103 
50 221 108 
50 213 108 
50 221 107 
50 219 108 
50 220 108 
50 227 102 
50 227 103 
50 222 107 
50 221 104 
50 225 107 
50 218 117 
50 222 105 
50 221 103 
50 222 103 
50 219 118 
50 227 106 
50 225 103 
50 222 105 
50 220 111 
50 226 114 
50 216 103 
50 223 111 
50 217 106 
50 226 109 
50 223 105 
50 219 103 
50 228 109 
50 224 106 
50 217 114 
50 219 101 
50 226 105 
50 227 113 
50 219 107 
50 224 108 
50 229 106 
50 221 100 
50 222 109 
50 217 111 
50 226 109 
50 219 91 
50 219 103 
50 219 106 
50 226 106 
50 228 107 
50 227 106 
50 224 110 
50 226 115 
50 226 112 
50 221 103 
50 222 106 
50 219 109 
50 222 112 
50 224 104 
50 227 103 
50 220 102 
50 223 96 
50 224 115 
50 223 103 
50 225 97 
