10 26 17 
10 26 18 
10 27 21 
10 33 26 
10 32 24 
10 23 16 
10 26 18 
10 23 16 
10 32 24 
10 37 31 
10 20 13 
10 30 22 
10 32 26 
10 21 12 
10 24 16 
10 35 30 
10 32 24 
10 38 31 
10 29 21 
10 42 39 
10 26 20 
10 28 19 
10 27 19 
10 32 25 
10 26 18 
10 24 16 
10 31 24 
10 31 23 
10 30 22 
10 20 11 
10 35 30 
10 23 15 
10 21 14 
10 33 26 
10 33 26 
10 26 19 
10 33 27 
10 24 17 
10 27 19 
10 26 20 
10 31 24 
10 24 15 
10 34 27 
10 30 22 
10 24 15 
10 31 26 
10 26 19 
10 18 9 
10 25 17 
10 27 20 
10 33 25 
10 33 24 
10 36 29 
10 33 26 
10 26 19 
10 41 36 
10 24 17 
10 31 23 
10 38 32 
10 26 19 
10 28 21 
10 33 25 
10 20 13 
10 26 18 
10 29 22 
10 33 27 
10 24 17 
10 37 30 
10 31 23 
10 41 35 
10 26 17 
10 35 28 
10 31 22 
10 26 20 
10 23 14 
10 26 19 
10 29 21 
10 29 21 
10 30 23 
10 26 17 
10 20 12 
10 24 16 
10 33 25 
10 33 26 
10 36 30 
10 24 16 
10 27 18 
10 31 25 
10 32 26 
10 21 12 
10 35 29 
10 27 20 
10 32 23 
10 27 19 
10 38 31 
10 27 20 
10 40 35 
10 26 19 
10 26 19 
10 37 29 
20 111 94 
20 99 82 
20 116 100 
20 103 84 
20 123 108 
20 84 67 
20 125 110 
20 103 85 
20 110 94 
20 124 106 
20 106 91 
20 108 93 
20 110 93 
20 133 116 
20 118 100 
20 122 105 
20 98 82 
20 121 106 
20 110 94 
20 111 96 
20 96 78 
20 121 103 
20 104 86 
20 130 115 
20 96 82 
20 123 106 
20 122 106 
20 117 100 
20 93 78 
20 105 88 
20 114 99 
20 118 102 
20 131 115 
20 118 100 
20 118 103 
20 115 98 
20 113 95 
20 111 94 
20 102 83 
20 109 93 
20 88 71 
20 127 110 
20 92 75 
20 94 77 
20 99 81 
20 99 82 
20 132 114 
20 106 87 
20 115 98 
20 120 103 
20 88 69 
20 129 114 
20 112 96 
20 94 76 
20 111 94 
20 128 111 
20 108 93 
20 104 87 
20 146 132 
20 125 110 
20 92 74 
20 133 115 
20 122 105 
20 139 122 
20 107 92 
20 119 101 
20 104 85 
20 119 101 
20 105 87 
20 92 76 
20 115 98 
20 95 78 
20 107 90 
20 115 100 
20 95 77 
20 109 93 
20 127 108 
20 107 89 
20 99 82 
20 112 97 
20 121 105 
20 132 117 
20 119 104 
20 127 109 
20 112 95 
20 108 95 
20 108 91 
20 129 114 
20 109 92 
20 122 106 
20 107 91 
20 118 102 
20 119 102 
20 75 57 
20 105 89 
20 92 76 
20 90 73 
20 85 68 
20 115 98 
20 123 106 
30 201 176 
30 241 214 
30 244 218 
30 301 277 
30 289 265 
30 233 206 
30 245 219 
30 268 239 
30 218 191 
30 279 251 
30 241 214 
30 248 220 
30 241 213 
30 182 156 
30 201 173 
30 196 170 
30 218 193 
30 291 266 
30 257 232 
30 249 224 
30 206 179 
30 203 178 
30 257 228 
30 273 246 
30 216 189 
30 233 205 
30 225 197 
30 231 205 
30 206 178 
30 194 168 
30 236 212 
30 214 188 
30 222 197 
30 257 232 
30 262 238 
30 233 210 
30 216 188 
30 212 184 
30 261 234 
30 265 240 
30 244 219 
30 243 217 
30 273 246 
30 175 149 
30 259 231 
30 231 203 
30 269 241 
30 191 164 
30 231 205 
30 232 206 
30 215 192 
30 237 213 
30 281 252 
30 286 257 
30 293 267 
30 254 228 
30 243 218 
30 209 184 
30 228 204 
30 296 270 
30 212 191 
30 238 211 
30 255 228 
30 277 250 
30 221 195 
30 242 214 
30 194 167 
30 247 222 
30 184 158 
30 239 216 
30 274 248 
30 256 231 
30 247 218 
30 230 203 
30 250 225 
30 219 194 
30 198 171 
30 263 237 
30 225 198 
30 194 166 
30 222 194 
30 243 214 
30 256 230 
30 265 239 
30 259 234 
30 232 205 
30 275 250 
30 243 216 
30 227 201 
30 203 174 
30 251 226 
30 256 231 
30 227 202 
30 319 294 
30 221 192 
30 182 155 
30 210 183 
30 266 240 
30 227 200 
30 240 213 
40 418 382 
40 456 423 
40 385 350 
40 410 372 
40 395 357 
40 364 330 
40 416 381 
40 452 417 
40 430 393 
40 470 432 
40 435 398 
40 364 328 
40 394 358 
40 398 361 
40 385 350 
40 433 397 
40 467 430 
40 376 341 
40 368 335 
40 436 400 
40 360 325 
40 441 404 
40 428 393 
40 500 464 
40 476 437 
40 335 298 
40 427 391 
40 400 366 
40 342 307 
40 431 399 
40 377 340 
40 483 448 
40 427 390 
40 409 370 
40 465 430 
40 387 351 
40 394 357 
40 444 406 
40 372 337 
40 414 381 
40 486 452 
40 459 422 
40 358 322 
40 451 419 
40 464 428 
40 413 378 
40 451 414 
40 460 428 
40 406 372 
40 371 332 
40 443 405 
40 398 364 
40 391 354 
40 416 380 
40 473 435 
40 402 367 
40 458 425 
40 431 395 
40 512 476 
40 380 344 
40 375 337 
40 459 423 
40 386 347 
40 441 406 
40 311 274 
40 326 288 
40 404 366 
40 461 426 
40 416 381 
40 445 410 
40 302 264 
40 376 339 
40 454 420 
40 464 428 
40 383 347 
40 447 411 
40 412 381 
40 461 425 
40 474 439 
40 370 332 
40 452 416 
40 522 486 
40 322 288 
40 377 341 
40 355 319 
40 347 309 
40 431 396 
40 435 398 
40 394 359 
40 389 353 
40 478 441 
40 451 416 
40 515 481 
40 441 405 
40 460 424 
40 440 404 
40 411 375 
40 368 330 
40 402 366 
40 465 429 
50 625 578 
50 674 625 
50 634 586 
50 569 522 
50 688 643 
50 647 601 
50 714 668 
50 613 566 
50 622 577 
50 725 680 
50 660 614 
50 650 602 
50 621 573 
50 588 542 
50 646 599 
50 727 682 
50 650 605 
50 691 645 
50 597 551 
50 611 564 
50 666 621 
50 571 524 
50 745 698 
50 679 635 
50 668 620 
50 676 631 
50 739 692 
50 626 582 
50 594 547 
50 562 517 
50 625 582 
50 679 631 
50 599 554 
50 713 668 
50 676 632 
50 663 619 
50 649 605 
50 673 625 
50 603 556 
50 573 529 
50 734 689 
50 671 624 
50 740 695 
50 605 560 
50 717 671 
50 661 614 
50 586 538 
50 693 648 
50 714 667 
50 638 593 
50 587 543 
50 781 734 
50 552 505 
50 674 629 
50 580 533 
50 744 705 
50 663 616 
50 643 597 
50 645 600 
50 728 682 
50 756 711 
50 766 721 
50 684 638 
50 758 711 
50 547 498 
50 573 525 
50 685 640 
50 697 650 
50 658 611 
50 691 645 
50 480 433 
50 667 619 
50 568 521 
50 635 589 
50 740 694 
50 656 612 
50 666 623 
50 712 667 
50 724 681 
50 661 614 
50 516 472 
50 625 580 
50 618 572 
50 668 623 
50 677 632 
50 686 640 
50 727 681 
50 609 566 
50 692 644 
50 755 707 
50 667 620 
50 691 646 
50 624 577 
50 617 572 
50 682 638 
50 676 631 
50 576 531 
50 569 524 
50 664 618 
50 591 543 
