10 53 13 
10 61 9 
10 53 13 
10 61 14 
10 53 13 
10 55 10 
10 52 11 
10 46 9 
10 63 13 
10 49 11 
10 51 8 
10 55 13 
10 59 12 
10 45 7 
10 60 8 
10 54 13 
10 53 11 
10 57 16 
10 55 14 
10 52 15 
10 59 9 
10 47 11 
10 51 10 
10 53 15 
10 47 7 
10 48 9 
10 53 11 
10 46 8 
10 54 12 
10 45 5 
10 48 14 
10 45 8 
10 57 7 
10 53 11 
10 50 11 
10 56 14 
10 52 15 
10 55 9 
10 48 12 
10 53 11 
10 54 10 
10 53 9 
10 45 9 
10 55 11 
10 46 9 
10 49 12 
10 49 13 
10 45 7 
10 47 6 
10 55 10 
10 57 13 
10 56 13 
10 54 15 
10 48 12 
10 52 12 
10 53 13 
10 46 10 
10 41 8 
10 56 16 
10 54 12 
10 49 14 
10 56 13 
10 50 9 
10 53 13 
10 57 11 
10 54 13 
10 61 8 
10 55 13 
10 54 13 
10 55 17 
10 61 9 
10 58 16 
10 54 12 
10 50 11 
10 53 6 
10 45 10 
10 61 12 
10 48 12 
10 50 13 
10 56 11 
10 51 7 
10 59 7 
10 55 13 
10 54 12 
10 56 13 
10 48 9 
10 53 9 
10 57 17 
10 55 14 
10 54 9 
10 50 12 
10 48 14 
10 54 12 
10 60 9 
10 54 14 
10 53 13 
10 51 13 
10 54 9 
10 55 12 
10 54 15 
20 194 33 
20 172 37 
20 168 36 
20 158 31 
20 157 38 
20 162 32 
20 166 38 
20 167 31 
20 161 36 
20 174 34 
20 167 36 
20 165 31 
20 180 29 
20 172 34 
20 153 34 
20 169 33 
20 160 24 
20 159 29 
20 168 35 
20 162 35 
20 172 30 
20 168 35 
20 165 34 
20 170 32 
20 161 36 
20 167 33 
20 176 35 
20 165 39 
20 167 35 
20 155 35 
20 171 36 
20 167 39 
20 168 37 
20 173 40 
20 169 36 
20 167 36 
20 193 30 
20 180 37 
20 179 26 
20 169 33 
20 178 24 
20 161 39 
20 163 32 
20 168 32 
20 185 33 
20 168 32 
20 196 35 
20 164 33 
20 176 33 
20 165 34 
20 148 25 
20 163 36 
20 186 36 
20 179 33 
20 167 36 
20 172 38 
20 184 34 
20 173 33 
20 163 36 
20 176 36 
20 166 32 
20 191 29 
20 182 38 
20 174 43 
20 167 33 
20 169 39 
20 171 30 
20 183 31 
20 166 39 
20 193 33 
20 178 37 
20 188 30 
20 171 31 
20 174 41 
20 191 29 
20 173 38 
20 195 37 
20 171 33 
20 168 30 
20 164 34 
20 167 31 
20 180 41 
20 163 38 
20 184 35 
20 165 36 
20 165 37 
20 171 35 
20 171 30 
20 182 36 
20 151 33 
20 165 29 
20 157 32 
20 193 37 
20 166 28 
20 172 37 
20 170 31 
20 153 26 
20 167 30 
20 155 32 
20 176 38 
30 290 58 
30 352 59 
30 344 77 
30 294 73 
30 280 52 
30 369 71 
30 343 71 
30 298 74 
30 301 61 
30 301 71 
30 287 51 
30 293 64 
30 300 58 
30 331 54 
30 290 55 
30 289 50 
30 299 64 
30 304 67 
30 294 71 
30 290 64 
30 293 66 
30 334 56 
30 285 60 
30 294 56 
30 349 60 
30 289 56 
30 299 67 
30 294 63 
30 296 72 
30 356 60 
30 285 57 
30 277 52 
30 337 57 
30 285 57 
30 293 62 
30 288 60 
30 298 71 
30 296 67 
30 294 69 
30 296 66 
30 292 65 
30 301 75 
30 300 72 
30 297 48 
30 352 61 
30 291 61 
30 300 67 
30 290 57 
30 289 63 
30 298 66 
30 344 72 
30 359 64 
30 295 69 
30 295 61 
30 286 59 
30 333 63 
30 357 58 
30 303 65 
30 299 64 
30 335 72 
30 336 59 
30 293 62 
30 287 59 
30 294 67 
30 295 63 
30 291 63 
30 299 57 
30 290 67 
30 282 52 
30 296 70 
30 287 68 
30 344 56 
30 291 67 
30 296 62 
30 351 58 
30 297 61 
30 290 56 
30 305 73 
30 300 59 
30 291 55 
30 295 65 
30 295 65 
30 295 75 
30 287 52 
30 298 69 
30 299 71 
30 336 63 
30 285 58 
30 359 68 
30 291 57 
30 303 63 
30 286 53 
30 297 64 
30 347 63 
30 293 63 
30 277 48 
30 293 68 
30 289 58 
30 299 66 
30 285 52 
40 499 100 
40 524 91 
40 457 89 
40 476 99 
40 523 101 
40 507 77 
40 478 91 
40 490 97 
40 509 81 
40 505 92 
40 516 100 
40 496 85 
40 498 87 
40 484 84 
40 492 95 
40 489 89 
40 469 92 
40 480 97 
40 440 78 
40 467 97 
40 506 100 
40 530 105 
40 484 88 
40 476 105 
40 509 85 
40 490 80 
40 482 92 
40 498 93 
40 469 83 
40 468 102 
40 492 95 
40 478 87 
40 484 92 
40 471 84 
40 466 105 
40 504 107 
40 510 103 
40 470 92 
40 463 88 
40 491 91 
40 468 86 
40 481 91 
40 499 79 
40 469 100 
40 526 89 
40 469 82 
40 485 95 
40 484 93 
40 504 93 
40 545 103 
40 479 93 
40 459 96 
40 515 90 
40 487 92 
40 516 86 
40 489 85 
40 481 94 
40 506 83 
40 503 82 
40 478 90 
40 480 100 
40 513 97 
40 505 98 
40 508 96 
40 495 79 
40 474 80 
40 472 88 
40 491 99 
40 478 87 
40 472 83 
40 472 82 
40 480 94 
40 507 106 
40 494 85 
40 492 92 
40 485 102 
40 464 79 
40 480 98 
40 484 101 
40 540 81 
40 497 94 
40 472 89 
40 462 83 
40 493 94 
40 485 87 
40 465 80 
40 494 98 
40 494 105 
40 470 100 
40 477 85 
40 472 90 
40 480 86 
40 491 92 
40 476 90 
40 497 88 
40 475 100 
40 496 104 
40 482 84 
40 497 83 
40 479 88 
50 658 129 
50 651 142 
50 649 132 
50 655 123 
50 646 138 
50 641 112 
50 644 137 
50 647 133 
50 659 151 
50 634 121 
50 637 133 
50 643 121 
50 624 123 
50 651 114 
50 637 129 
50 648 138 
50 620 115 
50 649 138 
50 634 133 
50 660 129 
50 642 134 
50 645 129 
50 632 125 
50 667 143 
50 659 142 
50 632 126 
50 667 151 
50 639 123 
50 633 129 
50 664 142 
50 650 144 
50 657 132 
50 647 138 
50 674 139 
50 651 138 
50 639 130 
50 644 128 
50 641 146 
50 653 124 
50 644 120 
50 658 129 
50 652 135 
50 640 120 
50 635 132 
50 655 135 
50 647 140 
50 636 131 
50 644 122 
50 640 144 
50 647 147 
50 630 133 
50 632 128 
50 643 128 
50 666 138 
50 632 124 
50 648 130 
50 650 133 
50 646 126 
50 635 132 
50 633 126 
50 644 145 
50 657 138 
50 653 134 
50 633 138 
50 645 131 
50 648 133 
50 631 132 
50 672 139 
50 647 140 
50 644 113 
50 628 119 
50 643 130 
50 640 127 
50 643 129 
50 643 126 
50 643 130 
50 637 127 
50 647 139 
50 648 130 
50 645 140 
50 613 115 
50 667 119 
50 657 141 
50 646 134 
50 640 128 
50 637 144 
50 632 129 
50 658 137 
50 638 130 
50 639 127 
50 664 130 
50 658 142 
50 627 119 
50 631 134 
50 660 130 
50 605 110 
50 629 112 
50 656 128 
50 643 131 
50 650 121 
