10 26 17 
10 26 18 
10 27 21 
10 33 26 
10 32 24 
10 23 16 
10 26 18 
10 23 16 
10 32 24 
10 37 31 
10 20 13 
10 30 22 
10 32 26 
10 21 12 
10 24 16 
10 35 30 
10 32 24 
10 38 31 
10 29 21 
10 42 39 
10 26 20 
10 28 19 
10 27 19 
10 32 25 
10 26 18 
10 24 16 
10 31 24 
10 31 23 
10 30 22 
10 20 11 
10 35 30 
10 23 15 
10 21 14 
10 33 26 
10 33 26 
10 26 19 
10 33 27 
10 24 17 
10 27 19 
10 26 20 
10 31 24 
10 24 15 
10 34 27 
10 30 22 
10 24 15 
10 31 26 
10 26 19 
10 18 9 
10 25 17 
10 27 20 
10 33 25 
10 33 24 
10 36 29 
10 33 26 
10 26 19 
10 41 36 
10 24 17 
10 31 23 
10 38 32 
10 26 19 
10 28 21 
10 33 25 
10 20 13 
10 26 18 
10 29 22 
10 33 27 
10 24 17 
10 37 30 
10 31 23 
10 41 35 
10 26 17 
10 35 28 
10 31 22 
10 26 20 
10 23 14 
10 26 19 
10 29 21 
10 29 21 
10 30 23 
10 26 17 
10 20 12 
10 24 16 
10 33 25 
10 33 26 
10 36 30 
10 24 16 
10 27 18 
10 31 25 
10 32 26 
10 21 12 
10 35 29 
10 27 20 
10 32 23 
10 27 19 
10 38 31 
10 27 20 
10 40 35 
10 26 19 
10 26 19 
10 37 29 
20 92 31 
20 86 36 
20 75 33 
20 90 44 
20 68 36 
20 91 42 
20 96 53 
20 72 38 
20 93 43 
20 82 38 
20 69 35 
20 85 52 
20 83 52 
20 84 54 
20 78 34 
20 77 30 
20 88 45 
20 75 31 
20 77 33 
20 79 33 
20 83 50 
20 69 38 
20 76 46 
20 70 26 
20 103 41 
20 81 37 
20 87 42 
20 95 54 
20 80 35 
20 91 28 
20 92 27 
20 89 61 
20 82 35 
20 88 39 
20 79 37 
20 77 28 
20 71 30 
20 93 49 
20 76 42 
20 95 64 
20 88 33 
20 68 38 
20 66 33 
20 73 26 
20 82 48 
20 64 32 
20 93 31 
20 81 51 
20 80 49 
20 94 48 
20 89 30 
20 100 57 
20 92 47 
20 70 40 
20 82 34 
20 62 30 
20 87 45 
20 75 42 
20 111 47 
20 83 52 
20 77 33 
20 77 30 
20 69 23 
20 73 43 
20 77 31 
20 80 33 
20 105 58 
20 77 34 
20 73 28 
20 78 44 
20 84 51 
20 89 57 
20 86 45 
20 82 52 
20 84 35 
20 84 52 
20 64 34 
20 76 39 
20 121 44 
20 92 40 
20 90 49 
20 73 42 
20 81 37 
20 97 36 
20 86 43 
20 76 41 
20 100 38 
20 88 22 
20 87 59 
20 69 25 
20 85 54 
20 79 35 
20 79 49 
20 83 36 
20 88 40 
20 84 37 
20 103 51 
20 72 43 
20 85 57 
20 91 41 
30 131 53 
30 140 61 
30 144 71 
30 159 77 
30 143 42 
30 167 56 
30 170 45 
30 146 49 
30 191 51 
30 139 66 
30 141 56 
30 140 59 
30 154 51 
30 170 79 
30 163 78 
30 177 51 
30 164 54 
30 145 60 
30 127 64 
30 133 58 
30 140 53 
30 156 63 
30 134 63 
30 144 57 
30 148 70 
30 173 62 
30 129 47 
30 140 75 
30 185 40 
30 129 54 
30 178 54 
30 140 59 
30 138 56 
30 165 87 
30 139 77 
30 139 77 
30 129 69 
30 185 72 
30 143 62 
30 158 62 
30 134 66 
30 161 63 
30 134 55 
30 146 69 
30 150 60 
30 164 60 
30 117 54 
30 140 47 
30 144 82 
30 192 56 
30 124 49 
30 149 72 
30 158 68 
30 142 66 
30 132 58 
30 144 56 
30 147 52 
30 160 58 
30 139 64 
30 168 73 
30 144 60 
30 145 54 
30 203 59 
30 136 58 
30 134 55 
30 147 74 
30 160 74 
30 147 68 
30 128 51 
30 134 70 
30 141 55 
30 153 44 
30 133 50 
30 134 72 
30 140 69 
30 171 47 
30 155 83 
30 132 62 
30 166 53 
30 188 58 
30 176 65 
30 147 57 
30 130 53 
30 157 54 
30 168 59 
30 134 62 
30 147 71 
30 139 72 
30 173 47 
30 145 37 
30 166 49 
30 115 48 
30 164 54 
30 146 76 
30 175 75 
30 152 64 
30 151 62 
30 123 60 
30 137 61 
30 157 70 
40 201 91 
40 234 108 
40 217 76 
40 207 80 
40 257 80 
40 271 97 
40 237 79 
40 196 86 
40 237 76 
40 202 81 
40 215 76 
40 202 95 
40 235 98 
40 217 92 
40 209 83 
40 191 77 
40 207 99 
40 226 102 
40 234 95 
40 208 90 
40 217 73 
40 210 101 
40 213 85 
40 211 113 
40 217 75 
40 258 75 
40 194 95 
40 252 73 
40 228 83 
40 229 82 
40 231 84 
40 255 85 
40 214 81 
40 210 75 
40 200 89 
40 198 78 
40 222 76 
40 208 68 
40 224 102 
40 239 95 
40 214 117 
40 243 108 
40 221 77 
40 200 104 
40 208 71 
40 242 73 
40 222 86 
40 250 102 
40 226 102 
40 222 79 
40 205 87 
40 232 88 
40 219 70 
40 225 92 
40 199 87 
40 199 80 
40 235 83 
40 219 91 
40 280 96 
40 223 73 
40 212 105 
40 197 80 
40 271 73 
40 223 103 
40 215 82 
40 225 85 
40 264 82 
40 189 75 
40 239 100 
40 206 70 
40 199 86 
40 258 71 
40 217 107 
40 203 76 
40 204 86 
40 215 69 
40 239 74 
40 250 103 
40 272 80 
40 246 107 
40 234 89 
40 291 80 
40 221 78 
40 194 71 
40 256 84 
40 228 86 
40 208 81 
40 298 78 
40 218 64 
40 220 110 
40 247 87 
40 200 85 
40 201 109 
40 230 83 
40 221 101 
40 215 91 
40 276 72 
40 224 78 
40 235 113 
40 199 93 
50 341 107 
50 295 94 
50 340 114 
50 274 109 
50 273 100 
50 267 106 
50 309 104 
50 291 123 
50 329 117 
50 347 151 
50 284 101 
50 332 125 
50 327 97 
50 290 110 
50 381 120 
50 313 130 
50 294 132 
50 381 120 
50 287 110 
50 276 124 
50 345 101 
50 343 129 
50 289 88 
50 306 92 
50 306 105 
50 268 118 
50 338 120 
50 285 115 
50 327 119 
50 307 108 
50 262 101 
50 254 94 
50 300 128 
50 261 101 
50 313 109 
50 339 118 
50 296 116 
50 333 129 
50 271 77 
50 329 122 
50 274 112 
50 295 113 
50 257 111 
50 269 113 
50 316 160 
50 294 142 
50 306 113 
50 284 106 
50 309 146 
50 358 128 
50 318 121 
50 292 120 
50 315 101 
50 336 91 
50 282 136 
50 335 102 
50 318 130 
50 278 111 
50 329 130 
50 254 107 
50 258 102 
50 314 93 
50 299 110 
50 325 121 
50 313 121 
50 279 127 
50 308 108 
50 343 107 
50 297 105 
50 284 115 
50 318 106 
50 285 90 
50 311 105 
50 280 112 
50 290 124 
50 353 139 
50 246 114 
50 342 108 
50 328 117 
50 270 105 
50 331 139 
50 284 88 
50 293 89 
50 315 107 
50 258 109 
50 322 121 
50 279 112 
50 288 117 
50 270 96 
50 289 108 
50 312 170 
50 278 143 
50 273 113 
50 272 111 
50 320 118 
50 252 101 
50 317 112 
50 298 127 
50 313 121 
50 235 85 
