10 23 14 
10 19 16 
10 24 20 
10 19 17 
10 21 15 
10 23 11 
10 18 21 
10 17 18 
10 23 15 
10 28 20 
10 20 14 
10 22 13 
10 19 15 
10 32 17 
10 25 16 
10 17 16 
10 17 17 
10 26 16 
10 20 17 
10 31 15 
10 18 17 
10 24 14 
10 14 20 
10 24 14 
10 22 14 
10 23 14 
10 21 18 
10 16 17 
10 19 17 
10 27 13 
10 21 15 
10 23 14 
10 20 14 
10 24 16 
10 23 19 
10 20 17 
10 22 18 
10 21 14 
10 20 19 
10 19 18 
10 18 15 
10 22 15 
10 19 16 
10 23 14 
10 21 14 
10 20 19 
10 22 24 
10 26 14 
10 27 12 
10 23 15 
10 30 14 
10 23 16 
10 23 12 
10 20 17 
10 15 16 
10 20 16 
10 19 17 
10 21 16 
10 22 18 
10 16 16 
10 20 16 
10 20 15 
10 22 23 
10 16 19 
10 23 16 
10 18 15 
10 17 13 
10 20 17 
10 19 15 
10 21 20 
10 24 15 
10 21 13 
10 19 12 
10 21 22 
10 32 15 
10 20 17 
10 17 16 
10 18 18 
10 20 21 
10 22 15 
10 18 15 
10 27 11 
10 22 17 
10 24 19 
10 20 13 
10 21 14 
10 18 14 
10 17 13 
10 22 16 
10 25 13 
10 21 15 
10 19 17 
10 33 14 
10 19 13 
10 21 16 
10 18 16 
10 21 15 
10 19 20 
10 20 17 
10 22 17 
20 56 37 
20 56 40 
20 60 42 
20 60 35 
20 64 44 
20 58 36 
20 57 40 
20 71 33 
20 54 43 
20 59 38 
20 75 47 
20 60 41 
20 59 34 
20 59 42 
20 65 42 
20 75 40 
20 58 39 
20 65 42 
20 88 36 
20 59 40 
20 60 34 
20 61 44 
20 75 31 
20 70 37 
20 70 52 
20 69 34 
20 80 38 
20 58 46 
20 63 50 
20 56 36 
20 65 35 
20 58 45 
20 65 33 
20 60 34 
20 65 55 
20 70 45 
20 70 37 
20 62 41 
20 68 31 
20 62 53 
20 61 38 
20 64 36 
20 64 41 
20 63 34 
20 63 45 
20 61 45 
20 94 29 
20 77 38 
20 78 34 
20 57 43 
20 68 30 
20 54 43 
20 61 32 
20 61 40 
20 64 36 
20 71 31 
20 60 44 
20 69 33 
20 66 33 
20 58 46 
20 63 34 
20 59 40 
20 60 32 
20 65 31 
20 59 50 
20 75 35 
20 79 31 
20 72 52 
20 59 42 
20 67 34 
20 55 39 
20 62 30 
20 62 37 
20 68 38 
20 65 32 
20 70 47 
20 81 31 
20 63 37 
20 63 32 
20 63 46 
20 64 37 
20 64 37 
20 65 36 
20 62 40 
20 59 37 
20 71 28 
20 57 42 
20 55 35 
20 62 56 
20 65 38 
20 68 47 
20 69 53 
20 63 35 
20 54 34 
20 54 35 
20 63 31 
20 73 33 
20 55 40 
20 57 37 
20 62 35 
30 116 52 
30 105 72 
30 106 71 
30 112 67 
30 121 81 
30 125 59 
30 117 78 
30 121 65 
30 104 55 
30 110 77 
30 133 59 
30 120 73 
30 126 62 
30 93 62 
30 131 61 
30 112 61 
30 116 58 
30 108 53 
30 118 54 
30 117 89 
30 114 60 
30 107 63 
30 115 61 
30 125 53 
30 129 51 
30 148 67 
30 101 56 
30 118 56 
30 121 57 
30 110 57 
30 105 70 
30 109 59 
30 124 76 
30 104 82 
30 101 60 
30 114 79 
30 111 61 
30 93 69 
30 120 57 
30 116 83 
30 117 55 
30 104 67 
30 117 65 
30 113 76 
30 142 59 
30 119 55 
30 139 57 
30 102 60 
30 96 66 
30 104 58 
30 128 51 
30 119 49 
30 128 62 
30 159 53 
30 99 59 
30 114 68 
30 105 83 
30 109 56 
30 113 62 
30 103 64 
30 113 59 
30 116 69 
30 105 68 
30 101 59 
30 128 61 
30 118 61 
30 113 60 
30 109 68 
30 107 71 
30 121 58 
30 115 63 
30 118 57 
30 124 56 
30 104 69 
30 128 56 
30 103 56 
30 118 57 
30 116 59 
30 105 80 
30 110 59 
30 109 65 
30 134 47 
30 115 74 
30 108 62 
30 107 74 
30 111 67 
30 120 58 
30 118 61 
30 121 58 
30 118 63 
30 113 51 
30 112 64 
30 105 58 
30 130 63 
30 140 52 
30 107 67 
30 113 72 
30 117 58 
30 118 67 
30 113 58 
40 173 97 
40 157 102 
40 201 76 
40 159 78 
40 180 105 
40 186 89 
40 206 100 
40 186 91 
40 192 77 
40 183 87 
40 178 77 
40 157 111 
40 162 87 
40 140 101 
40 186 91 
40 187 71 
40 173 75 
40 149 93 
40 171 90 
40 176 107 
40 214 78 
40 163 96 
40 171 87 
40 214 83 
40 163 91 
40 219 101 
40 173 88 
40 163 106 
40 160 106 
40 233 95 
40 163 86 
40 186 82 
40 170 85 
40 241 85 
40 192 72 
40 192 99 
40 159 80 
40 164 87 
40 171 69 
40 150 98 
40 164 94 
40 185 101 
40 163 103 
40 226 76 
40 188 73 
40 153 103 
40 169 81 
40 159 106 
40 169 91 
40 193 90 
40 161 74 
40 157 103 
40 158 102 
40 197 76 
40 157 76 
40 159 86 
40 163 97 
40 167 75 
40 157 88 
40 150 94 
40 177 101 
40 176 89 
40 168 91 
40 176 107 
40 193 94 
40 191 74 
40 156 89 
40 224 75 
40 169 82 
40 165 96 
40 157 136 
40 175 92 
40 164 75 
40 162 97 
40 180 81 
40 168 90 
40 163 91 
40 179 79 
40 209 78 
40 190 74 
40 171 81 
40 154 88 
40 165 112 
40 168 100 
40 159 85 
40 167 104 
40 179 84 
40 155 81 
40 174 82 
40 159 93 
40 163 108 
40 183 76 
40 165 94 
40 161 98 
40 173 81 
40 157 92 
40 157 93 
40 179 103 
40 156 92 
40 191 86 
50 237 118 
50 239 111 
50 232 117 
50 268 124 
50 216 115 
50 243 106 
50 247 115 
50 236 102 
50 251 138 
50 207 112 
50 227 129 
50 240 111 
50 247 96 
50 211 101 
50 214 115 
50 205 118 
50 284 126 
50 232 127 
50 210 124 
50 300 100 
50 244 102 
50 204 137 
50 214 156 
50 224 119 
50 237 112 
50 261 118 
50 233 118 
50 249 134 
50 266 104 
50 286 148 
50 222 116 
50 223 123 
50 253 122 
50 224 105 
50 214 132 
50 232 109 
50 223 108 
50 244 122 
50 255 107 
50 236 164 
50 266 97 
50 226 114 
50 248 119 
50 270 98 
50 222 121 
50 258 94 
50 232 123 
50 253 135 
50 233 108 
50 230 103 
50 255 111 
50 270 109 
50 245 130 
50 225 102 
50 217 126 
50 219 127 
50 206 117 
50 243 122 
50 209 122 
50 255 103 
50 240 137 
50 242 106 
50 229 118 
50 226 127 
50 259 115 
50 267 99 
50 210 113 
50 206 123 
50 239 118 
50 208 139 
50 239 103 
50 218 125 
50 226 149 
50 218 112 
50 227 125 
50 218 114 
50 245 140 
50 227 140 
50 231 148 
50 255 113 
50 214 97 
50 240 98 
50 279 136 
50 213 114 
50 221 116 
50 215 119 
50 244 121 
50 219 103 
50 238 133 
50 235 99 
50 229 118 
50 259 115 
50 215 122 
50 217 106 
50 219 124 
50 255 118 
50 222 108 
50 232 114 
50 237 114 
50 298 121 
