10 24 10 
10 21 8 
10 21 10 
10 24 11 
10 22 7 
10 23 13 
10 25 11 
10 24 9 
10 22 8 
10 21 8 
20 67 33 
20 64 31 
20 61 27 
20 64 28 
20 65 25 
20 64 31 
20 60 24 
20 65 24 
20 65 31 
20 66 28 
30 110 51 
30 115 57 
30 109 51 
30 114 55 
30 112 51 
30 112 59 
30 114 54 
30 114 51 
30 112 55 
30 111 56 
40 166 69 
40 169 83 
40 164 73 
40 169 76 
40 160 79 
40 167 80 
40 161 82 
40 165 78 
40 167 76 
40 169 77 
50 221 110 
50 221 112 
50 223 109 
50 215 106 
50 220 122 
50 225 94 
50 226 107 
50 233 112 
50 217 102 
50 229 106 
