10 23 15 
10 27 19 
10 34 28 
10 23 15 
10 22 13 
10 35 27 
10 30 22 
10 35 28 
10 23 15 
10 20 12 
20 80 36 
20 75 35 
20 78 48 
20 93 28 
20 78 46 
20 86 23 
20 87 32 
20 102 61 
20 86 54 
20 79 38 
30 143 64 
30 146 47 
30 146 60 
30 134 56 
30 156 55 
30 134 48 
30 141 70 
30 161 49 
30 148 56 
30 146 67 
40 212 73 
40 236 84 
40 217 92 
40 207 74 
40 203 91 
40 227 84 
40 277 77 
40 205 64 
40 230 102 
40 191 86 
50 275 101 
50 294 121 
50 303 112 
50 303 128 
50 295 99 
50 348 118 
50 341 128 
50 330 115 
50 264 109 
50 339 120 
