10 49 8 
10 49 7 
10 52 9 
10 51 8 
10 51 10 
10 51 9 
10 51 8 
10 52 11 
10 47 7 
10 53 10 
20 126 22 
20 126 24 
20 122 22 
20 141 18 
20 124 23 
20 139 18 
20 136 23 
20 129 26 
20 124 22 
20 130 21 
30 217 42 
30 233 37 
30 214 34 
30 197 36 
30 233 36 
30 220 38 
30 208 44 
30 240 35 
30 217 39 
30 212 37 
40 310 54 
40 323 52 
40 312 51 
40 328 50 
40 295 51 
40 324 56 
40 365 61 
40 305 49 
40 307 55 
40 301 52 
50 393 79 
50 406 74 
50 430 70 
50 411 59 
50 421 69 
50 462 73 
50 449 70 
50 450 74 
50 401 65 
50 448 70 
