10 17 15 
10 25 15 
10 21 20 
10 20 15 
10 27 15 
10 25 17 
10 22 17 
10 26 17 
10 22 11 
10 19 15 
20 62 40 
20 61 38 
20 62 33 
20 54 35 
20 57 35 
20 70 33 
20 56 33 
20 56 39 
20 71 33 
20 56 35 
30 116 72 
30 109 49 
30 119 62 
30 107 70 
30 120 58 
30 111 65 
30 109 64 
30 132 70 
30 121 53 
30 108 57 
40 166 80 
40 181 99 
40 150 103 
40 228 77 
40 183 102 
40 167 93 
40 160 113 
40 177 100 
40 184 81 
40 185 89 
50 247 97 
50 256 166 
50 216 120 
50 247 120 
50 205 111 
50 265 122 
50 257 162 
50 224 114 
50 265 108 
50 274 116 
