1000 14027 2455 
1000 14159 2431 
1000 14084 2430 
1000 13261 2466 
1000 13737 2463 
1000 13670 2477 
1000 14382 2426 
1000 14491 2445 
1000 13795 2450 
1000 13823 2442 
2000 29754 5379 
2000 29665 5412 
2000 31880 5299 
2000 31498 5355 
2000 31016 5354 
2000 31827 5195 
2000 31020 5308 
2000 30948 5266 
2000 30213 5311 
2000 31991 5210 
3000 52332 8323 
3000 46322 8479 
3000 48398 8421 
3000 49845 8408 
3000 51057 8340 
3000 48112 8335 
3000 51938 8237 
3000 51554 8281 
3000 48656 8390 
3000 48478 8467 
4000 67270 11550 
4000 68081 11466 
4000 66658 11640 
4000 68561 11511 
4000 65669 11635 
4000 67896 11460 
4000 72482 11447 
4000 63551 11678 
4000 72032 11368 
4000 67116 11521 
5000 88290 14949 
5000 88396 14755 
5000 94001 14556 
5000 93817 14526 
5000 88713 14723 
5000 90362 14795 
5000 84286 14843 
5000 82174 15040 
5000 87176 14846 
5000 85356 14989 
6000 111736 17817 
6000 107843 18052 
6000 109734 18132 
6000 106971 18128 
6000 105020 18117 
6000 113928 17911 
6000 104930 18269 
6000 107197 18110 
6000 114164 17908 
6000 120022 17735 
7000 124127 21527 
7000 133056 21347 
7000 143092 21237 
7000 127921 21499 
7000 130838 21285 
7000 123977 21532 
7000 126528 21473 
7000 130857 21246 
7000 126172 21540 
7000 128667 21374 
8000 147909 24960 
8000 156171 24984 
8000 149329 24810 
8000 150647 24694 
8000 149841 24772 
8000 156449 24510 
8000 145471 24904 
8000 145206 25097 
8000 140397 25136 
8000 143022 25090 
9000 163420 28498 
9000 177436 28324 
9000 175538 28053 
9000 168089 28292 
9000 169934 28478 
9000 169674 28228 
9000 174384 28187 
9000 169992 28052 
9000 186836 28087 
9000 173971 28174 
10000 197714 31680 
10000 187515 32216 
10000 200392 31700 
10000 182472 32096 
10000 183801 32397 
10000 185429 32209 
10000 196451 31629 
10000 197806 31335 
10000 190489 31533 
10000 188434 31734 
11000 205348 35658 
11000 207026 35568 
11000 213447 35211 
11000 209294 35249 
11000 207583 35563 
11000 207635 35673 
11000 231145 34897 
11000 216470 35107 
11000 208254 35802 
11000 202210 35647 
12000 227250 38964 
12000 239345 39039 
12000 228590 39104 
12000 221796 39361 
12000 247520 38496 
12000 223636 39375 
12000 233932 38988 
12000 233083 38903 
12000 229081 39259 
12000 233015 38956 
13000 248621 42696 
13000 253676 42593 
13000 250249 42433 
13000 267590 41863 
13000 249943 42675 
13000 256987 42541 
13000 252597 42956 
13000 267678 42352 
13000 257879 42274 
13000 245466 42807 
14000 257440 46759 
14000 279102 46135 
14000 271536 46164 
14000 279638 45695 
14000 269279 46233 
14000 269288 46207 
14000 276329 46070 
14000 265358 46651 
14000 285006 46126 
14000 271534 46097 
15000 323125 49096 
15000 293930 49825 
15000 289599 49957 
15000 296278 50224 
15000 298691 49946 
15000 294280 50206 
15000 295577 49752 
15000 284491 50189 
15000 299148 49641 
15000 284735 50133 
16000 323193 53030 
16000 319209 53327 
16000 311802 53631 
16000 317244 53482 
16000 310716 53451 
16000 323229 53533 
16000 315963 53496 
16000 304201 54171 
16000 315759 53350 
16000 339682 52820 
17000 338270 57603 
17000 346218 57158 
17000 330884 57733 
17000 318814 58226 
17000 330243 57723 
17000 340879 56839 
17000 329843 57545 
17000 343856 57145 
17000 323136 57449 
17000 339531 57122 
18000 368724 60551 
18000 356009 60954 
18000 353871 61147 
18000 377464 60519 
18000 348619 61265 
18000 359473 61079 
18000 352897 61295 
18000 373180 60234 
18000 368097 60857 
18000 360423 61155 
19000 385629 64213 
19000 387718 64597 
19000 384902 64781 
19000 379589 64646 
19000 407865 64057 
19000 383165 65009 
19000 372328 65186 
19000 388068 65194 
19000 374047 65053 
19000 387503 64086 
20000 391796 68977 
20000 426177 68037 
20000 411814 68418 
20000 420228 68238 
20000 409959 68567 
20000 392829 68634 
20000 403785 67860 
20000 398007 68532 
20000 399055 68758 
20000 395385 68643 
21000 435936 71884 
21000 436119 72206 
21000 428418 71906 
21000 455313 71091 
21000 421477 72036 
21000 417777 72768 
21000 420164 72450 
21000 442508 71399 
21000 437664 72138 
21000 443744 72052 
22000 454179 75475 
22000 433649 76499 
22000 434929 76440 
22000 464586 74799 
22000 467152 75574 
22000 459594 75571 
22000 455192 75661 
22000 485084 74713 
22000 469330 75713 
22000 448299 76441 
23000 479595 79165 
23000 497396 79419 
23000 483433 79241 
23000 467394 79257 
23000 520925 78937 
23000 479472 79675 
23000 488532 79444 
23000 486195 79856 
23000 469552 79831 
23000 477592 79461 
24000 512900 82816 
24000 483886 83817 
24000 494766 83458 
24000 477135 84303 
24000 509791 83467 
24000 487597 84247 
24000 487868 84095 
24000 528639 82303 
24000 493806 83783 
24000 495392 83271 
25000 538414 87256 
25000 550656 86739 
25000 542102 86314 
25000 508834 87580 
25000 550243 86373 
25000 522472 87030 
25000 551842 86255 
25000 568549 86180 
25000 498441 88225 
25000 530044 87253 
26000 546205 90998 
26000 548265 90590 
26000 537375 90945 
26000 548161 90891 
26000 565917 90000 
26000 527146 91646 
26000 520478 91542 
26000 552860 91103 
26000 542062 91054 
26000 527537 91837 
27000 561553 95390 
27000 573137 94870 
27000 557000 95320 
27000 572265 94445 
27000 542309 95834 
27000 553735 95283 
27000 561668 94623 
27000 549896 95733 
27000 559503 95733 
27000 557906 95090 
28000 589136 98164 
28000 625127 98022 
28000 586286 98845 
28000 600359 98598 
28000 592209 98411 
28000 582759 98822 
28000 569835 99830 
28000 615300 98677 
28000 616960 98021 
28000 567485 99483 
29000 603243 103237 
29000 622066 101903 
29000 624727 103183 
29000 580055 103661 
29000 597875 103436 
29000 591028 103231 
29000 598646 103116 
29000 623578 102170 
29000 635590 101598 
29000 600790 102837 
30000 622895 106491 
30000 665484 105590 
30000 624367 106807 
30000 618357 107357 
30000 676255 105780 
30000 618544 106921 
30000 623712 107312 
30000 613064 107053 
30000 654484 106168 
30000 612926 107712 
31000 656731 111124 
31000 709105 109548 
31000 634180 111095 
31000 639641 110977 
31000 639500 110861 
31000 640256 110808 
31000 642262 111578 
31000 646446 110967 
31000 684718 109249 
31000 642630 111108 
32000 698470 113381 
32000 683135 115096 
32000 691104 114451 
32000 702039 114178 
32000 685186 114436 
32000 721857 113342 
32000 688008 114751 
32000 672747 114149 
32000 653256 115391 
32000 668266 114585 
33000 709386 118527 
33000 702156 118380 
33000 727591 116851 
33000 716947 117489 
33000 699843 117995 
33000 679423 119280 
33000 729987 117092 
33000 720184 118203 
33000 701175 118756 
33000 690562 118566 
34000 704759 123385 
34000 759137 121329 
34000 713082 122380 
34000 715488 122412 
34000 729811 122011 
34000 745490 122133 
34000 737659 121109 
34000 753993 121373 
34000 741536 122482 
34000 728929 122066 
35000 749084 125947 
35000 761460 125936 
35000 772325 125097 
35000 762841 125266 
35000 765593 125573 
35000 726237 127088 
35000 739490 126833 
35000 726060 127597 
35000 755239 126711 
35000 753829 125849 
36000 776214 130168 
36000 756357 130646 
36000 827486 128834 
36000 806491 128799 
36000 790762 129372 
36000 786627 129867 
36000 761162 130401 
36000 771727 130056 
36000 734626 132122 
36000 765892 130449 
37000 825358 134007 
37000 808852 134016 
37000 807070 133960 
37000 758128 135605 
37000 763845 135510 
37000 807473 133378 
37000 786645 133953 
37000 822481 132869 
37000 791124 134289 
37000 849820 132376 
38000 807257 138417 
38000 814301 137381 
38000 839196 137903 
38000 792823 138892 
38000 794848 139450 
38000 853217 137635 
38000 795213 139499 
38000 932749 135002 
38000 809872 138594 
38000 826071 137240 
39000 844517 142251 
39000 852572 141898 
39000 876187 141936 
39000 850810 141600 
39000 841598 142161 
39000 823121 142756 
39000 877953 140707 
39000 832021 142736 
39000 822097 142824 
39000 834784 143074 
40000 867203 145849 
40000 874015 145691 
40000 859671 145808 
40000 883370 145167 
40000 899402 145784 
40000 889256 145771 
40000 879522 145003 
40000 873412 145197 
40000 875359 144877 
40000 842852 146798 
41000 875428 151018 
41000 913760 149243 
41000 885093 149835 
41000 980291 146484 
41000 897604 149783 
41000 883935 150812 
41000 885797 150428 
41000 887850 150039 
41000 873132 150501 
41000 891673 149892 
42000 919063 152897 
42000 912470 153891 
42000 928609 153885 
42000 884505 155624 
42000 923903 155515 
42000 890741 155060 
42000 940027 153282 
42000 933319 152790 
42000 899427 153963 
42000 938251 153337 
43000 1008355 155976 
43000 931505 157747 
43000 910435 158502 
43000 930711 158929 
43000 926547 158316 
43000 981939 157199 
43000 914329 158775 
43000 923388 158713 
43000 953123 157028 
43000 931509 157784 
44000 987116 162798 
44000 953944 162448 
44000 967059 161371 
44000 983784 161704 
44000 989129 161662 
44000 976129 160936 
44000 967973 162130 
44000 956147 161387 
44000 988880 162056 
44000 924735 163487 
45000 1017733 165380 
45000 963007 166067 
45000 1001327 166245 
45000 1032829 165215 
45000 993244 166469 
45000 955305 167212 
45000 1016116 166558 
45000 958720 167294 
45000 970956 167675 
45000 955635 166608 
46000 995112 170078 
46000 1023707 168876 
46000 1083772 167258 
46000 1027469 169627 
46000 1024807 168251 
46000 998175 170458 
46000 1054001 168209 
46000 1012702 170411 
46000 1007700 170802 
46000 1011283 169985 
47000 1015853 175480 
47000 995668 175264 
47000 1073292 174323 
47000 1075247 172413 
47000 1001825 175449 
47000 1032712 174700 
47000 1013424 174346 
47000 1060061 172166 
47000 1037330 173856 
47000 1055792 173475 
48000 1035481 179035 
48000 1059935 177764 
48000 1084875 177671 
48000 1040112 178574 
48000 1078250 176630 
48000 1032326 179766 
48000 1045062 179323 
48000 1100504 177008 
48000 1101229 176906 
48000 1021080 179863 
49000 1045014 183578 
49000 1079148 182654 
49000 1141518 180430 
49000 1040185 184047 
49000 1051417 183229 
49000 1101007 180226 
49000 1104304 181580 
49000 1073791 182129 
49000 1077397 182767 
49000 1071417 181204 
50000 1163243 185226 
50000 1161376 185041 
50000 1164154 184394 
50000 1087402 186410 
50000 1094681 187174 
50000 1116373 185248 
50000 1136910 185478 
50000 1102212 185544 
50000 1114418 186323 
50000 1084065 186526 
