1000 38700 5916 
2000 80952 14085 
3000 134411 21108 
4000 187921 29321 
5000 255330 36124 
6000 309539 45737 
7000 370866 53413 
8000 435351 67279 
9000 539159 76123 
10000 586462 79690 
11000 652576 90808 
12000 713399 102677 
13000 788457 107587 
14000 849337 116730 
15000 921498 129335 
16000 994380 144573 
17000 1156541 148791 
18000 1215915 158404 
19000 1273113 161573 
20000 1346028 187481 
21000 1424738 194245 
22000 1473788 189972 
23000 1547779 202778 
24000 1626721 226190 
25000 1739669 237971 
26000 1790077 231823 
27000 1862820 247611 
28000 1935715 257547 
29000 2026595 272332 
30000 2088754 279363 
31000 2179351 302976 
32000 2260642 320899 
33000 2560844 309740 
34000 2622461 333596 
35000 2679306 342391 
36000 2741178 353847 
37000 2817334 348856 
38000 2887395 366407 
39000 2934139 362068 
40000 3028289 392650 
41000 3077141 384419 
42000 3202630 412797 
43000 3277040 429719 
44000 3361010 448593 
45000 3425680 432742 
46000 3490997 442918 
47000 3582398 473406 
48000 3638798 461149 
49000 3730990 492473 
50000 3909255 505072 
