1000 9848 4260 
1000 9790 3681 
1000 10229 4873 
1000 9587 4314 
1000 10016 4078 
1000 10247 3859 
1000 9795 4455 
1000 9658 4321 
1000 10107 4000 
1000 11029 4958 
2000 21983 8920 
2000 24047 8977 
2000 22961 10334 
2000 22283 8625 
2000 20971 9095 
2000 22484 8952 
2000 22572 9172 
2000 21667 8842 
2000 22065 8578 
2000 25049 7999 
3000 38473 14823 
3000 34674 14692 
3000 36390 14531 
3000 36396 14648 
3000 39003 15394 
3000 36264 14270 
3000 35318 14021 
3000 36606 15274 
3000 35466 13713 
3000 36298 13294 
4000 53934 19471 
4000 54500 19614 
4000 49028 20541 
4000 50354 18695 
4000 51707 18293 
4000 51733 18185 
4000 52558 18892 
4000 49084 18754 
4000 49995 21144 
4000 48823 20043 
5000 65121 24213 
5000 63551 26088 
5000 64303 24158 
5000 61628 24996 
5000 62929 26458 
5000 63559 28016 
5000 63356 25550 
5000 68407 24443 
5000 63893 25705 
5000 62701 26213 
6000 80081 32720 
6000 76203 31518 
6000 81598 33783 
6000 80471 29575 
6000 83621 28400 
6000 77594 29246 
6000 86068 33079 
6000 81675 31597 
6000 78255 28363 
6000 78421 30760 
7000 92006 35716 
7000 91351 38740 
7000 94822 35914 
7000 96176 33519 
7000 92442 39382 
7000 101284 34772 
7000 92640 34037 
7000 91602 37278 
7000 97539 35904 
7000 96118 36926 
8000 105773 41412 
8000 107519 40827 
8000 107773 48150 
8000 110935 40733 
8000 110895 40314 
8000 108486 42467 
8000 119758 39146 
8000 114404 42604 
8000 116696 51724 
8000 108756 48739 
9000 131914 51052 
9000 129901 47525 
9000 123587 48350 
9000 125452 44740 
9000 121345 44513 
9000 119414 47077 
9000 124409 46419 
9000 128553 54060 
9000 123750 48888 
9000 131867 46948 
10000 154015 51296 
10000 135460 53497 
10000 142606 56580 
10000 146322 61139 
10000 143747 62204 
10000 140185 53584 
10000 138242 54752 
10000 152925 52534 
10000 146633 67901 
10000 136037 49264 
11000 158760 58722 
11000 154387 63321 
11000 165525 55027 
11000 150031 57420 
11000 157330 66082 
11000 158571 60730 
11000 156457 60997 
11000 155644 69653 
11000 162707 63154 
11000 162239 57237 
12000 179346 66121 
12000 176953 64250 
12000 168367 67124 
12000 181468 62809 
12000 198727 65280 
12000 172461 65959 
12000 174180 65022 
12000 183964 60008 
12000 181736 65400 
12000 174635 68907 
13000 195486 74152 
13000 194397 73941 
13000 187353 78828 
13000 185688 73810 
13000 202636 69491 
13000 188764 72776 
13000 184005 70250 
13000 192167 77109 
13000 194087 70676 
13000 186216 69183 
14000 207575 81819 
14000 204580 83280 
14000 225094 79009 
14000 206154 74424 
14000 206110 73410 
14000 208273 86596 
14000 198146 80075 
14000 203567 75880 
14000 204864 76787 
14000 208632 85054 
15000 229761 77740 
15000 243738 78860 
15000 218233 92152 
15000 212845 81627 
15000 234919 92852 
15000 221196 89329 
15000 227035 79399 
15000 213601 86992 
15000 244053 102329 
15000 235942 82964 
16000 242930 98105 
16000 247723 90209 
16000 242352 94766 
16000 244267 98287 
16000 246733 86589 
16000 244395 86019 
16000 257862 90612 
16000 242209 104762 
16000 262355 88145 
16000 256106 87017 
17000 257006 95355 
17000 260463 95528 
17000 265430 95831 
17000 266324 102879 
17000 260465 96458 
17000 250803 93649 
17000 255326 98346 
17000 253461 100216 
17000 255105 103915 
17000 255600 99921 
18000 269438 98192 
18000 286259 106857 
18000 273038 103017 
18000 269980 108438 
18000 276697 110456 
18000 286284 99344 
18000 284951 105821 
18000 272816 116194 
18000 271141 99698 
18000 283136 103927 
19000 293948 106612 
19000 288179 116647 
19000 278111 108183 
19000 307510 102233 
19000 284237 106335 
19000 298958 132142 
19000 296418 117931 
19000 311972 108594 
19000 283956 108056 
19000 290255 118437 
20000 326160 113947 
20000 308340 112890 
20000 298888 118009 
20000 310127 126953 
20000 311141 131991 
20000 327657 113231 
20000 316683 116836 
20000 309242 123938 
20000 305253 123145 
20000 302639 116525 
21000 317787 127080 
21000 339504 127967 
21000 329772 126829 
21000 327364 127350 
21000 321178 119711 
21000 321480 117922 
21000 323410 123928 
21000 323962 131117 
21000 317056 133631 
21000 329499 130228 
22000 343363 125918 
22000 343029 140034 
22000 338875 127285 
22000 350737 120646 
22000 341702 135244 
22000 339282 144577 
22000 338885 133860 
22000 350132 133490 
22000 338438 124548 
22000 346584 125101 
23000 366100 151922 
23000 393189 138583 
23000 362838 137570 
23000 361498 140233 
23000 366547 161626 
23000 360375 152969 
23000 356623 135063 
23000 354791 139534 
23000 357203 143023 
23000 366957 128569 
24000 389850 136190 
24000 371495 143325 
24000 382871 140396 
24000 393310 149704 
24000 380538 138397 
24000 374782 145744 
24000 374745 152683 
24000 379342 141113 
24000 372044 149950 
24000 374261 147184 
25000 401047 162356 
25000 432166 151946 
25000 421115 166010 
25000 416475 139917 
25000 387943 143665 
25000 394574 152663 
25000 435433 159545 
25000 386700 155449 
25000 397065 162203 
25000 406611 166914 
26000 419288 153761 
26000 431026 160525 
26000 411747 161252 
26000 418147 167803 
26000 421487 172323 
26000 423678 152668 
26000 420658 169277 
26000 406797 159224 
26000 406105 158072 
26000 423982 170232 
27000 445153 152534 
27000 453780 171649 
27000 429459 171390 
27000 442491 165810 
27000 423660 155345 
27000 420991 160095 
27000 431235 161799 
27000 439950 172050 
27000 433068 161660 
27000 423804 153936 
28000 431784 177063 
28000 448580 174956 
28000 464489 201022 
28000 445574 180589 
28000 458730 164954 
28000 432135 166824 
28000 436353 170950 
28000 449064 171097 
28000 474262 166548 
28000 460273 162125 
29000 469361 174076 
29000 455705 172266 
29000 448715 175250 
29000 462714 185692 
29000 477891 174384 
29000 453892 172584 
29000 467366 174461 
29000 470197 175513 
29000 456707 178938 
29000 474391 182781 
30000 475058 181229 
30000 496694 181489 
30000 486764 190165 
30000 473914 186968 
30000 491964 193335 
30000 471107 184970 
30000 512771 190936 
30000 472283 192124 
30000 488345 185515 
30000 502026 191311 
31000 505270 184111 
31000 484457 186107 
31000 503419 185439 
31000 518632 206943 
31000 499524 201975 
31000 495423 182711 
31000 507185 192974 
31000 492418 187912 
31000 515434 183917 
31000 498534 207297 
32000 579112 194043 
32000 524642 194401 
32000 531143 206956 
32000 507459 194636 
32000 529686 190312 
32000 538346 203341 
32000 522253 188478 
32000 545017 206626 
32000 533293 211747 
32000 551223 197643 
33000 558300 215044 
33000 542065 197273 
33000 532742 200310 
33000 552608 213491 
33000 565946 188092 
33000 545114 205059 
33000 550352 200401 
33000 520017 194140 
33000 544271 192694 
33000 529986 196935 
34000 571533 222109 
34000 552193 230713 
34000 555957 230669 
34000 548396 211138 
34000 561088 204863 
34000 594681 198789 
34000 572771 198121 
34000 580651 216500 
34000 592576 201413 
34000 549962 217505 
35000 585724 232249 
35000 620812 220737 
35000 567496 222414 
35000 568127 233097 
35000 559721 213611 
35000 597022 222730 
35000 584727 216014 
35000 561125 209067 
35000 587452 217900 
35000 593541 237283 
36000 603088 224040 
36000 583436 229718 
36000 584548 216847 
36000 589642 255914 
36000 584297 213252 
36000 594475 220898 
36000 586099 232223 
36000 613448 257523 
36000 622410 230786 
36000 594975 217515 
37000 627973 264070 
37000 654466 234609 
37000 615212 224882 
37000 627400 236360 
37000 603014 224599 
37000 612089 214298 
37000 598401 229984 
37000 602417 238142 
37000 610509 222191 
37000 597896 230395 
38000 653534 236819 
38000 692229 230988 
38000 620328 225113 
38000 664738 225243 
38000 627381 229911 
38000 648254 270386 
38000 631318 220093 
38000 647131 248291 
38000 612782 246037 
38000 647267 241739 
39000 651640 229174 
39000 658661 248635 
39000 644623 257252 
39000 643352 252162 
39000 651645 237473 
39000 659615 251884 
39000 637143 252490 
39000 634863 258055 
39000 679326 254428 
39000 706538 238370 
40000 668597 278780 
40000 672912 262697 
40000 682244 232401 
40000 669178 248272 
40000 679089 274732 
40000 646575 255976 
40000 663999 245175 
40000 667087 239573 
40000 655697 252625 
40000 690223 243361 
41000 695786 256010 
41000 687514 254647 
41000 684605 250397 
41000 699958 290072 
41000 673186 246283 
41000 669651 252842 
41000 677444 265968 
41000 668950 247686 
41000 672220 252905 
41000 737643 260066 
42000 727752 264300 
42000 705610 252065 
42000 735073 268934 
42000 726301 293014 
42000 700640 257336 
42000 710722 237887 
42000 705268 270774 
42000 710346 270741 
42000 799938 243107 
42000 686366 245829 
43000 747693 256122 
43000 735532 273521 
43000 709285 274615 
43000 715807 269871 
43000 704103 263177 
43000 743422 271847 
43000 805421 284493 
43000 716023 289817 
43000 724481 272949 
43000 819831 264753 
44000 781273 273508 
44000 732749 304789 
44000 716888 285196 
44000 741926 291711 
44000 781154 266441 
44000 753557 269805 
44000 749788 272182 
44000 739251 275281 
44000 737443 279473 
44000 731137 273349 
45000 783461 274987 
45000 766819 272578 
45000 818301 300598 
45000 755749 273251 
45000 790339 263524 
45000 771329 298987 
45000 798228 320876 
45000 771677 257579 
45000 747120 294943 
45000 765922 303210 
46000 765671 307834 
46000 786543 303207 
46000 793064 277756 
46000 768692 277899 
46000 769842 281822 
46000 775027 305350 
46000 759220 297639 
46000 766220 309362 
46000 772619 272706 
46000 766974 288779 
47000 817629 289442 
47000 802872 290518 
47000 812841 303840 
47000 805512 281378 
47000 855184 323916 
47000 856059 301588 
47000 822843 285909 
47000 798588 309147 
47000 772682 300978 
47000 868771 290018 
48000 784474 302092 
48000 812924 329175 
48000 870139 321449 
48000 826227 321728 
48000 811904 330337 
48000 796353 313270 
48000 811787 329867 
48000 795657 301310 
48000 847293 296996 
48000 818021 292604 
49000 827215 323687 
49000 832860 301987 
49000 827391 324336 
49000 901323 328819 
49000 822894 307667 
49000 811926 309647 
49000 885301 324547 
49000 814591 307064 
49000 869146 312048 
49000 877938 326487 
50000 842136 308931 
50000 847445 294029 
50000 881854 327556 
50000 860698 337789 
50000 900323 307720 
50000 857631 332707 
50000 895107 305037 
50000 843387 327301 
50000 885356 308234 
50000 835875 320153 
