1000 34013 5889 
1000 33628 5600 
1000 33563 5518 
1000 34039 6120 
1000 33219 5263 
1000 33913 5961 
1000 38671 5878 
1000 34063 5952 
1000 34139 6260 
1000 34022 6087 
2000 80324 13114 
2000 80778 13313 
2000 79793 12595 
2000 80530 13621 
2000 80263 13061 
2000 80577 13539 
2000 80511 12756 
2000 81066 13807 
2000 80791 13597 
2000 80822 13855 
3000 133684 20176 
3000 133805 20864 
3000 134467 21414 
3000 133058 19739 
3000 135466 21688 
3000 133594 20238 
3000 133833 20657 
3000 134410 21525 
3000 134150 20434 
3000 135194 21402 
4000 188958 30378 
4000 188792 30676 
4000 188688 30789 
4000 188695 30549 
4000 188126 29613 
4000 187690 29242 
4000 188832 30748 
4000 188092 29644 
4000 188676 30756 
4000 190487 31716 
5000 257170 38088 
5000 253519 35445 
5000 259208 39755 
5000 256789 37374 
5000 256406 36778 
5000 257609 38750 
5000 255657 37472 
5000 256138 36343 
5000 257943 39299 
5000 258729 39375 
6000 308605 44437 
6000 310003 44281 
6000 311524 47065 
6000 310349 45846 
6000 312138 47114 
6000 312572 47254 
6000 307757 43067 
6000 308635 43975 
6000 309075 45025 
6000 309581 44955 
7000 374897 56950 
7000 373747 55454 
7000 373469 54906 
7000 372875 54750 
7000 373802 55885 
7000 372119 53285 
7000 372279 54700 
7000 371432 53596 
7000 372448 54952 
7000 372729 55792 
8000 434955 66641 
8000 436087 68306 
8000 434629 65848 
8000 434136 65798 
8000 433479 65186 
8000 437877 69389 
8000 432166 63337 
8000 435657 67766 
8000 433589 64795 
8000 435487 66986 
9000 536247 75273 
9000 531244 72299 
9000 537627 74536 
9000 536861 77107 
9000 534124 72634 
9000 533626 74873 
9000 534239 73491 
9000 531090 70956 
9000 532495 71909 
9000 528010 69045 
10000 592927 85943 
10000 593079 86722 
10000 585737 75902 
10000 592368 85046 
10000 586713 81175 
10000 592489 87594 
10000 589778 81893 
10000 588020 79528 
10000 592005 83084 
10000 588744 82540 
11000 647253 86018 
11000 651438 90309 
11000 648534 86808 
11000 653937 92233 
11000 648057 86230 
11000 651982 90634 
11000 648807 87794 
11000 653455 91567 
11000 647276 85839 
11000 653431 92635 
12000 714639 103642 
12000 711006 99074 
12000 718486 106397 
12000 711811 100651 
12000 711421 101074 
12000 716525 102963 
12000 715568 101734 
12000 713364 100738 
12000 711895 96276 
12000 713633 101641 
13000 791337 112144 
13000 792485 111013 
13000 787743 106437 
13000 794341 113501 
13000 786901 106142 
13000 793275 112009 
13000 790062 110401 
13000 793498 113112 
13000 794771 111803 
13000 789397 108291 
14000 852613 118616 
14000 851387 119354 
14000 857594 126044 
14000 853411 118741 
14000 853549 118775 
14000 855098 124202 
14000 854241 118574 
14000 851485 120031 
14000 852363 120192 
14000 849438 117489 
15000 927621 136335 
15000 927339 135651 
15000 926341 132253 
15000 924248 131799 
15000 927128 136040 
15000 919213 127629 
15000 921244 129266 
15000 919648 127281 
15000 923574 132969 
15000 920528 130055 
16000 995401 144295 
16000 1000709 149325 
16000 996010 147028 
16000 992520 143594 
16000 993446 144021 
16000 996258 147071 
16000 997040 148462 
16000 994837 144173 
16000 994973 145346 
16000 992291 143041 
17000 1159184 145432 
17000 1163989 153399 
17000 1148489 142898 
17000 1161256 150769 
17000 1156318 149899 
17000 1165666 153908 
17000 1153136 143249 
17000 1168339 160612 
17000 1150575 145609 
17000 1158100 146897 
18000 1213519 151161 
18000 1219768 169634 
18000 1217054 159125 
18000 1206346 155043 
18000 1210543 153087 
18000 1204878 146030 
18000 1220634 166600 
18000 1210047 157538 
18000 1208464 153533 
18000 1221716 162918 
19000 1278511 168601 
19000 1272760 161049 
19000 1276254 165329 
19000 1273781 162461 
19000 1275825 169578 
19000 1282859 174193 
19000 1280209 168647 
19000 1273471 166104 
19000 1279280 168491 
19000 1276400 167136 
20000 1331101 170102 
20000 1338644 178621 
20000 1334180 175365 
20000 1344261 180961 
20000 1333631 171817 
20000 1344720 185035 
20000 1341606 181758 
20000 1340601 178372 
20000 1346299 184972 
20000 1330606 170455 
21000 1418416 188609 
21000 1416745 186991 
21000 1414663 185562 
21000 1413864 181734 
21000 1418913 188261 
21000 1419921 188152 
21000 1416483 181931 
21000 1422839 195395 
21000 1416513 186207 
21000 1420750 192171 
22000 1476655 192538 
22000 1471716 186174 
22000 1479863 194839 
22000 1476124 189153 
22000 1487515 201101 
22000 1473260 189617 
22000 1479995 196575 
22000 1477715 194581 
22000 1472799 186405 
22000 1481917 194030 
23000 1549414 206595 
23000 1550812 209128 
23000 1559100 214486 
23000 1560084 216159 
23000 1546456 203101 
23000 1557837 210463 
23000 1556865 213515 
23000 1555651 214032 
23000 1550076 208122 
23000 1545166 203104 
24000 1611954 213847 
24000 1622246 222816 
24000 1624512 224441 
24000 1622230 221398 
24000 1614822 215296 
24000 1610085 210846 
24000 1607258 209228 
24000 1627800 229431 
24000 1611839 212284 
24000 1612885 214671 
25000 1733760 223737 
25000 1737279 234574 
25000 1733878 229726 
25000 1736408 234885 
25000 1738320 237383 
25000 1733712 231192 
25000 1738530 229361 
25000 1741431 239056 
25000 1734149 228283 
25000 1734417 227689 
26000 1802662 243972 
26000 1794496 237121 
26000 1796555 237525 
26000 1793376 235315 
26000 1805091 247082 
26000 1786060 229685 
26000 1807046 249466 
26000 1797480 239675 
26000 1798430 242432 
26000 1810686 247141 
27000 1866110 244867 
27000 1859162 243875 
27000 1872194 253311 
27000 1866571 248242 
27000 1874240 258665 
27000 1863209 245870 
27000 1865047 250602 
27000 1862792 248633 
27000 1863012 246952 
27000 1861489 245502 
28000 1942090 267810 
28000 1943614 271412 
28000 1940239 267625 
28000 1940879 264964 
28000 1937021 265606 
28000 1929384 255325 
28000 1932713 260222 
28000 1942634 267736 
28000 1926088 251198 
28000 1935686 261068 
29000 2031348 279812 
29000 2029083 277371 
29000 2017405 265803 
29000 2028380 271373 
29000 2024006 271723 
29000 2027678 274839 
29000 2029815 273476 
29000 2034223 282197 
29000 2027857 274036 
29000 2022290 272767 
30000 2093489 284621 
30000 2081974 272479 
30000 2095406 286498 
30000 2097246 287843 
30000 2100782 291339 
30000 2092808 285006 
30000 2088380 277597 
30000 2101165 291074 
30000 2103884 295246 
30000 2090259 283716 
31000 2183290 304528 
31000 2179405 302561 
31000 2171013 294145 
31000 2170330 295602 
31000 2170118 294102 
31000 2172912 299121 
31000 2165752 286557 
31000 2174426 298538 
31000 2180311 305389 
31000 2197484 316268 
32000 2244808 307257 
32000 2250530 312122 
32000 2253608 315648 
32000 2248127 309363 
32000 2244481 307042 
32000 2244470 307352 
32000 2257531 318736 
32000 2257247 319508 
32000 2251254 314345 
32000 2248754 311434 
33000 2546997 307504 
33000 2555287 313745 
33000 2565732 328811 
33000 2553255 312138 
33000 2543612 300654 
33000 2549214 317734 
33000 2545762 306290 
33000 2560202 313830 
33000 2539508 301192 
33000 2560651 328754 
34000 2608843 324676 
34000 2615804 331777 
34000 2594975 304430 
34000 2619602 329543 
34000 2613429 328466 
34000 2600467 317860 
34000 2617307 330903 
34000 2619654 334628 
34000 2620093 323905 
34000 2603477 319552 
35000 2678959 334365 
35000 2689912 341971 
35000 2674279 332054 
35000 2697937 353745 
35000 2688903 342506 
35000 2667569 322383 
35000 2679764 334743 
35000 2685352 346152 
35000 2679078 336800 
35000 2673338 333086 
36000 2720402 327376 
36000 2724735 335071 
36000 2754781 357133 
36000 2723290 333788 
36000 2744109 347594 
36000 2759160 362828 
36000 2751194 355048 
36000 2728939 332414 
36000 2755800 360549 
36000 2746382 352584 
37000 2845293 378301 
37000 2825622 362433 
37000 2825577 374780 
37000 2821639 357681 
37000 2811159 343995 
37000 2810578 348145 
37000 2806297 343512 
37000 2805321 346456 
37000 2809905 348459 
37000 2835478 368587 
38000 2880669 363350 
38000 2891932 368038 
38000 2877929 359838 
38000 2875587 360348 
38000 2881921 361305 
38000 2864627 346590 
38000 2884720 358521 
38000 2881586 367234 
38000 2891187 372299 
38000 2866897 352835 
39000 2964084 384650 
39000 2954978 376059 
39000 2941605 363082 
39000 2962857 379742 
39000 2962691 382274 
39000 2969756 389285 
39000 2961415 387779 
39000 2963359 389267 
39000 2963129 380940 
39000 2964518 390437 
40000 3035844 399602 
40000 3029170 395620 
40000 3004341 370706 
40000 3005685 373736 
40000 3019151 385776 
40000 3021805 382783 
40000 3013753 379945 
40000 3007436 371506 
40000 3007546 374224 
40000 3008640 373498 
41000 3135792 391741 
41000 3140727 401803 
41000 3103899 408824 
41000 3136447 402700 
41000 3147644 407192 
41000 3092305 397388 
41000 3143122 404415 
41000 3091341 399947 
41000 3076445 380994 
41000 3086898 394900 
42000 3199637 409331 
42000 3213584 425366 
42000 3211590 421191 
42000 3227950 434279 
42000 3212681 419222 
42000 3198789 399547 
42000 3194523 404368 
42000 3201837 407252 
42000 3225225 428538 
42000 3205520 411443 
43000 3257235 407528 
43000 3264469 409782 
43000 3291139 436868 
43000 3264487 410710 
43000 3259168 411475 
43000 3268413 419769 
43000 3264369 414981 
43000 3282524 427721 
43000 3287982 433041 
43000 3285582 439860 
44000 3326518 414563 
44000 3333026 416769 
44000 3350094 428948 
44000 3339025 421982 
44000 3324192 410300 
44000 3347047 430938 
44000 3345017 431399 
44000 3344712 428511 
44000 3337234 424100 
44000 3342287 427664 
45000 3409474 437790 
45000 3422036 447646 
45000 3418379 428569 
45000 3446402 452149 
45000 3397352 426970 
45000 3415887 443926 
45000 3419860 445493 
45000 3413247 442033 
45000 3401393 422119 
45000 3416368 441338 
46000 3490338 442808 
46000 3501312 454326 
46000 3506526 460423 
46000 3499633 449065 
46000 3491602 443509 
46000 3485733 432372 
46000 3517956 466913 
46000 3480074 426700 
46000 3500987 452830 
46000 3513426 468266 
47000 3572703 466401 
47000 3584581 474976 
47000 3574664 466207 
47000 3573696 467562 
47000 3579664 472581 
47000 3572610 465945 
47000 3582766 467199 
47000 3576622 465273 
47000 3586998 471264 
47000 3549827 438020 
48000 3658050 484046 
48000 3652945 477627 
48000 3644647 470201 
48000 3639216 460345 
48000 3650330 474049 
48000 3646233 473698 
48000 3640470 463885 
48000 3668846 495343 
48000 3665643 493480 
48000 3647301 469745 
49000 3701287 461892 
49000 3735563 494036 
49000 3743498 497769 
49000 3737247 496335 
49000 3745126 499596 
49000 3825630 473411 
49000 3741453 500352 
49000 3722677 483346 
49000 3830367 478387 
49000 3737640 496577 
50000 3902208 488259 
50000 3914253 508640 
50000 3900231 493679 
50000 3888271 485362 
50000 3893528 488715 
50000 3920235 512490 
50000 3892388 491090 
50000 3905869 502740 
50000 3912575 512259 
50000 3905204 495753 
