1000 9826 4280 
2000 22038 8856 
3000 36241 13804 
4000 50348 20654 
5000 73128 24196 
6000 84352 29482 
7000 94950 34804 
8000 108979 40724 
9000 124066 49257 
10000 140855 53202 
11000 161346 61816 
12000 183817 66145 
13000 189306 72734 
14000 203259 75565 
15000 214599 83521 
16000 264567 96524 
17000 253204 99339 
18000 288667 128585 
19000 305771 111608 
20000 295816 118392 
21000 324573 118585 
22000 345370 131667 
23000 370221 147358 
24000 402100 152319 
25000 394426 159771 
26000 408364 157336 
27000 429035 171216 
28000 434137 177890 
29000 453412 180831 
30000 486141 192460 
31000 495085 210025 
32000 517288 188327 
33000 533463 202906 
34000 577835 227438 
35000 567062 207560 
36000 595543 244670 
37000 620424 251704 
38000 636667 237780 
39000 652646 253526 
40000 654116 268652 
41000 691530 264193 
42000 718024 255213 
43000 724423 293153 
44000 757889 297929 
45000 767377 297243 
46000 844717 271969 
47000 817381 315517 
48000 830122 356235 
49000 826085 319230 
50000 862798 329450 
