1000 8713 4289 
2000 19415 9558 
3000 30854 15199 
4000 42826 21205 
5000 55210 27068 
6000 67871 33502 
7000 80640 39677 
8000 93720 46589 
9000 106974 52523 
10000 120511 59184 
11000 133924 65600 
12000 147654 72778 
13000 161385 79484 
14000 175357 86340 
15000 189225 93571 
16000 203401 101021 
17000 217404 107696 
18000 231978 114208 
19000 246489 121109 
20000 260926 128422 
21000 275369 135401 
22000 290027 142447 
23000 304748 149933 
24000 319319 157552 
25000 333972 164881 
26000 348955 171898 
27000 363731 179072 
28000 378698 186508 
29000 393605 194500 
30000 408490 201894 
31000 423697 210053 
32000 438618 218073 
33000 453368 226130 
34000 468955 232602 
35000 484435 239719 
36000 500015 246638 
37000 515577 254236 
38000 530897 261298 
39000 546228 268798 
40000 562003 276745 
41000 577366 285207 
42000 592749 291873 
43000 608566 299283 
44000 624348 306893 
45000 639628 315188 
46000 655424 322717 
47000 671184 330904 
48000 686849 338716 
49000 702434 348067 
50000 718318 355024 
