1000 11675 3325 
1000 11887 3296 
1000 11817 3333 
1000 10914 3261 
1000 11354 3231 
1000 11340 3299 
1000 12023 3331 
1000 12104 3250 
1000 11395 3296 
1000 11493 3294 
2000 25095 7124 
2000 24898 7064 
2000 27344 7049 
2000 26878 7131 
2000 26302 7089 
2000 27191 6884 
2000 26457 7237 
2000 26042 6722 
2000 25515 6905 
2000 27210 6810 
3000 45531 11060 
3000 39497 11282 
3000 41395 10993 
3000 42754 10982 
3000 43840 10670 
3000 41120 10882 
3000 45036 10796 
3000 44531 10890 
3000 41590 10989 
3000 41589 11167 
4000 57993 14909 
4000 58439 14695 
4000 57339 15018 
4000 59282 14936 
4000 56086 14932 
4000 58488 14924 
4000 62994 14648 
4000 54282 15084 
4000 62726 14842 
4000 57410 14688 
5000 76484 19064 
5000 76793 18996 
5000 82142 18697 
5000 82147 18787 
5000 76795 18893 
5000 78746 19149 
5000 72319 18952 
5000 70496 19639 
5000 75675 19393 
5000 73353 19146 
6000 97736 23072 
6000 93906 23191 
6000 95422 23247 
6000 92976 23335 
6000 90948 23414 
6000 100016 23204 
6000 90988 23542 
6000 93019 23207 
6000 99798 22827 
6000 105929 22982 
7000 107649 27328 
7000 116352 27108 
7000 126829 27327 
7000 111561 27223 
7000 114514 27326 
7000 107769 27412 
7000 110307 27517 
7000 114767 27561 
7000 109707 27522 
7000 112204 27512 
8000 129307 31970 
8000 137505 31822 
8000 130388 31489 
8000 131708 31581 
8000 130758 31408 
8000 137545 31109 
8000 126744 31744 
8000 126637 32285 
8000 121716 32082 
8000 124376 32051 
9000 142383 36024 
9000 156035 35777 
9000 154296 35703 
9000 146879 35772 
9000 148602 35702 
9000 148612 35924 
9000 153132 35475 
9000 148880 35793 
9000 165511 35722 
9000 152889 35902 
10000 174250 39968 
10000 163804 40447 
10000 176778 40152 
10000 159353 40809 
10000 160587 41236 
10000 161826 40594 
10000 173080 40236 
10000 174247 39745 
10000 166869 39831 
10000 165039 40381 
11000 179514 45266 
11000 180936 44779 
11000 187663 44564 
11000 183450 44591 
11000 182254 45485 
11000 181791 45348 
11000 205511 44355 
11000 190340 44386 
11000 182646 45369 
11000 176392 44800 
12000 199024 49064 
12000 211254 49228 
12000 200407 49150 
12000 193444 49409 
12000 219501 48736 
12000 195477 49645 
12000 205860 49172 
12000 204945 49020 
12000 200936 49640 
12000 205117 49294 
13000 218341 53908 
13000 223319 53877 
13000 219739 53588 
13000 236931 52961 
13000 219279 53761 
13000 226806 54004 
13000 222024 53785 
13000 237348 53790 
13000 227140 53039 
13000 214600 54017 
14000 224627 58528 
14000 246174 58092 
14000 238900 58500 
14000 246563 57439 
14000 236320 58283 
14000 236424 58159 
14000 243540 58101 
14000 232425 58427 
14000 252191 58146 
14000 238886 58652 
15000 287656 61736 
15000 258894 62577 
15000 254380 63048 
15000 260900 63178 
15000 263286 62560 
15000 259379 63167 
15000 260104 62487 
15000 248945 62752 
15000 263625 61822 
15000 249981 63097 
16000 285755 66918 
16000 281506 67256 
16000 274254 67467 
16000 280101 67374 
16000 273236 66870 
16000 285950 67058 
16000 278223 67134 
16000 266442 67697 
16000 278266 66919 
16000 302345 66445 
17000 298052 71957 
17000 306321 71671 
17000 291095 72346 
17000 278782 72719 
17000 290381 72585 
17000 300634 71006 
17000 289744 71621 
17000 303945 71414 
17000 283181 71917 
17000 299697 71725 
18000 326924 76201 
18000 313475 76234 
18000 311983 76864 
18000 335032 75838 
18000 306582 76777 
18000 317373 76346 
18000 310508 77236 
18000 330525 74835 
18000 326107 76384 
18000 318305 76478 
19000 340980 80750 
19000 343536 80942 
19000 340441 80952 
19000 334986 81019 
19000 363454 80005 
19000 338737 81042 
19000 327876 81241 
19000 343661 81044 
19000 329109 81346 
19000 342643 80331 
20000 344728 85938 
20000 378997 85181 
20000 364502 85217 
20000 373237 85152 
20000 362715 85309 
20000 345669 85761 
20000 356788 84563 
20000 351130 85746 
20000 351850 85356 
20000 348378 85854 
21000 386618 89460 
21000 386787 90146 
21000 379515 90101 
21000 406161 89002 
21000 372191 89721 
21000 368186 90730 
21000 370986 90672 
21000 393499 89672 
21000 388651 90324 
21000 394871 90070 
22000 402452 94125 
22000 382262 95385 
22000 383008 94685 
22000 412790 93141 
22000 415233 94079 
22000 408040 94332 
22000 403807 95146 
22000 433382 93618 
22000 417238 94086 
22000 396852 95208 
23000 426104 98435 
23000 443374 99244 
23000 429668 98857 
23000 413292 98791 
23000 466967 98441 
23000 425822 99246 
23000 434670 98850 
23000 432152 99364 
23000 415867 99563 
23000 423081 99048 
24000 456621 103088 
24000 427353 103932 
24000 439122 104556 
24000 420661 104852 
24000 453895 104400 
24000 431237 104478 
24000 431317 104585 
24000 472571 103073 
24000 437891 104509 
24000 439167 103464 
25000 480150 109140 
25000 491755 108188 
25000 483636 107648 
25000 450228 108849 
25000 491871 108188 
25000 463419 108775 
25000 493337 107594 
25000 509643 107631 
25000 439272 109301 
25000 471279 109027 
26000 485922 113589 
26000 486818 112511 
26000 476755 113266 
26000 487002 112825 
26000 505081 112110 
26000 466127 113941 
26000 459375 113357 
26000 491437 113118 
26000 481175 113517 
26000 466795 114344 
27000 498025 118671 
27000 509914 118040 
27000 494397 118639 
27000 509036 117862 
27000 478811 118988 
27000 490255 117807 
27000 498096 117977 
27000 486742 118592 
27000 496746 119319 
27000 494443 118020 
28000 523230 121623 
28000 559545 122420 
28000 521183 122897 
28000 534896 122468 
28000 526855 122541 
28000 516982 122668 
28000 503908 123355 
28000 549249 122801 
28000 551379 121631 
28000 502459 123726 
29000 535428 128229 
29000 553664 126624 
29000 556274 127373 
29000 511608 128291 
29000 529974 128845 
29000 522708 127830 
29000 530530 127843 
29000 555556 126889 
29000 567479 126149 
29000 532685 127220 
30000 552636 132142 
30000 595219 131378 
30000 554216 132414 
30000 548211 132763 
30000 605702 131413 
30000 548486 133098 
30000 553249 133135 
30000 542551 132544 
30000 584072 131880 
30000 542295 133085 
31000 583984 137554 
31000 636446 136232 
31000 561217 137195 
31000 566964 137312 
31000 566343 136845 
31000 567276 137109 
31000 569855 137875 
31000 573336 136771 
31000 612148 135960 
31000 569804 137406 
32000 623577 141220 
32000 607963 141978 
32000 615860 141525 
32000 626648 141319 
32000 610126 141684 
32000 647303 141457 
32000 612568 141762 
32000 597162 140990 
32000 578058 142689 
32000 593452 142267 
33000 631330 146373 
33000 624607 146372 
33000 650009 144851 
33000 639482 145456 
33000 622660 146809 
33000 601940 146986 
33000 652806 145348 
33000 642575 146959 
33000 623306 146779 
33000 612878 146069 
34000 625143 152988 
34000 679442 150279 
34000 632889 151169 
34000 635673 151278 
34000 650230 151221 
34000 665918 151084 
34000 657672 150278 
34000 674426 149888 
34000 661808 151668 
34000 649359 151314 
35000 666824 155523 
35000 679664 156220 
35000 689945 154518 
35000 681047 155209 
35000 682772 154963 
35000 643513 156153 
35000 657135 156173 
35000 644017 157740 
35000 673007 156459 
35000 671787 155709 
36000 691542 160542 
36000 671391 161673 
36000 743066 159743 
36000 722177 159551 
36000 706895 160592 
36000 701963 160503 
36000 676845 161306 
36000 687099 160266 
36000 649995 162498 
36000 681672 161728 
37000 738448 165350 
37000 721594 165536 
37000 720452 165603 
37000 671319 167076 
37000 676943 167114 
37000 720894 165086 
37000 699724 165039 
37000 735261 164730 
37000 704383 166496 
37000 762683 163946 
38000 717847 170489 
38000 724360 168998 
38000 750187 171132 
38000 703358 171176 
38000 705606 172290 
38000 764222 169977 
38000 705237 171254 
38000 843510 167542 
38000 720842 171236 
38000 737147 169958 
39000 753000 175620 
39000 761009 175098 
39000 784469 175017 
39000 759294 175063 
39000 750488 175776 
39000 731938 176246 
39000 786132 173540 
39000 740632 176586 
39000 730612 175501 
39000 743953 176794 
40000 773456 180387 
40000 780144 179523 
40000 765871 180361 
40000 789653 179721 
40000 805318 179647 
40000 795281 180526 
40000 786059 179272 
40000 779704 179848 
40000 781728 179009 
40000 749577 181067 
41000 778901 185167 
41000 817706 184361 
41000 789068 185379 
41000 884193 181306 
41000 800896 183559 
41000 787502 185604 
41000 789382 185180 
41000 792096 184972 
41000 776966 185702 
41000 795385 184538 
42000 820592 188715 
42000 813658 189540 
42000 830134 190009 
42000 784743 190446 
42000 825811 191946 
42000 792352 191329 
42000 841008 189198 
42000 834852 189065 
42000 801245 190376 
42000 839489 188389 
43000 907196 192198 
43000 830285 194178 
43000 809172 194628 
43000 829795 195860 
43000 825428 194903 
43000 879989 192520 
43000 812263 194726 
43000 821991 195011 
43000 852707 194183 
43000 830996 194563 
44000 883594 200363 
44000 850476 199540 
44000 863772 198625 
44000 880317 199093 
44000 885308 199078 
44000 873163 199046 
44000 865015 199460 
44000 852405 198906 
44000 886123 200178 
44000 822103 201056 
45000 911539 203060 
45000 857546 204838 
45000 895645 204548 
45000 927146 203989 
45000 887374 204823 
45000 849401 205563 
45000 910276 204542 
45000 853232 205511 
45000 865488 206391 
45000 850118 205195 
46000 887012 209341 
46000 916361 207957 
46000 976368 207412 
46000 918518 208446 
46000 916873 207160 
46000 889747 208635 
46000 945445 206861 
46000 904776 209181 
46000 899896 209480 
46000 902237 208938 
47000 905542 216130 
47000 885343 215160 
47000 962209 213205 
47000 965538 212513 
47000 892140 215994 
47000 922458 214479 
47000 902854 214688 
47000 950451 213331 
47000 927314 213859 
47000 946209 213953 
48000 922298 219868 
48000 947332 218573 
48000 972362 219077 
48000 927553 219530 
48000 965894 217930 
48000 919771 220727 
48000 932292 220116 
48000 987418 218180 
48000 988829 217702 
48000 908467 220273 
49000 930402 226049 
49000 963358 223447 
49000 1027023 222660 
49000 925198 225799 
49000 935851 224546 
49000 985859 222265 
49000 989151 223738 
49000 958861 223361 
49000 962303 225010 
49000 955948 223356 
50000 1045297 227311 
50000 1044481 227821 
50000 1046828 226961 
50000 969944 229171 
50000 977193 229795 
50000 998793 227687 
50000 1020723 228863 
50000 984362 228085 
50000 997747 229672 
50000 967073 228959 
