1000 14094 2408 
2000 31427 5308 
3000 49309 8330 
4000 71482 11707 
5000 86412 14839 
6000 108895 18212 
7000 130699 21313 
8000 144369 24956 
9000 161762 28471 
10000 184973 31945 
11000 213713 35141 
12000 228669 39064 
13000 269138 41906 
14000 287057 46030 
15000 288892 50084 
16000 308849 53645 
17000 347304 57221 
18000 365010 60624 
19000 373072 64657 
20000 396402 68884 
21000 429141 71810 
22000 440405 76412 
23000 490309 79393 
24000 493884 83555 
25000 504137 88475 
26000 558222 90921 
27000 552586 95605 
28000 657299 96634 
29000 615270 102557 
30000 655682 106003 
31000 651714 110764 
32000 687818 114306 
33000 717208 117823 
34000 714133 123176 
35000 729224 126883 
36000 767652 130567 
37000 805539 132822 
38000 826717 137666 
39000 860018 141421 
40000 885131 145886 
41000 883040 149808 
42000 930413 154019 
43000 967778 158046 
44000 966404 162127 
45000 992079 166692 
46000 1097960 168184 
47000 985264 176336 
48000 1045540 178551 
49000 1147550 180140 
50000 1130433 185464 
