1000 11760 3198 
2000 26833 7133 
3000 42122 10834 
4000 62322 15307 
5000 74737 19285 
6000 94609 23098 
7000 114324 27404 
8000 125557 31804 
9000 140727 36320 
10000 161205 40483 
11000 188094 44298 
12000 200276 49299 
13000 238304 52667 
14000 254203 58039 
15000 253375 63068 
16000 271230 67041 
17000 307228 71199 
18000 323146 75998 
19000 328376 80938 
20000 349142 85328 
21000 379670 89809 
22000 388715 95311 
23000 436068 99279 
24000 437409 103714 
25000 445526 110000 
26000 497086 113047 
27000 489341 118764 
28000 591946 120855 
29000 547374 127287 
30000 585311 131926 
31000 578446 136933 
32000 612515 141886 
33000 639648 145781 
34000 634501 152602 
35000 647594 157102 
36000 683391 161431 
37000 718748 164494 
38000 737687 170301 
39000 767853 174599 
40000 791024 180627 
41000 786624 184632 
42000 832223 190275 
43000 866319 194361 
44000 863906 199722 
45000 885983 204436 
46000 990608 207624 
47000 875519 216801 
48000 933023 219860 
49000 1032554 221781 
50000 1013244 228318 
