1000 8701 4302 
1000 8729 4339 
1000 8675 4285 
1000 8724 4344 
1000 8678 4318 
1000 8698 4310 
1000 8721 4326 
1000 8717 4332 
1000 8725 4324 
1000 8724 4366 
2000 19438 9638 
2000 19400 9572 
2000 19451 9638 
2000 19378 9651 
2000 19413 9578 
2000 19419 9616 
2000 19445 9639 
2000 19432 9572 
2000 19385 9617 
2000 19398 9635 
3000 30908 15276 
3000 30874 15180 
3000 31004 15144 
3000 30921 15249 
3000 30942 15207 
3000 30879 15195 
3000 30943 15167 
3000 30892 15288 
3000 30929 15206 
3000 30939 15205 
4000 42854 21244 
4000 42830 21278 
4000 42769 21247 
4000 42851 21237 
4000 42786 21254 
4000 42864 21288 
4000 42843 21213 
4000 42817 21260 
4000 42889 21331 
4000 42845 21213 
5000 55166 27008 
5000 55194 27116 
5000 55228 27055 
5000 55257 26972 
5000 55237 27076 
5000 55211 27147 
5000 55217 27074 
5000 55211 26984 
5000 55214 27038 
5000 55237 27077 
6000 67840 33388 
6000 67843 33402 
6000 67825 33281 
6000 67794 33410 
6000 67862 33432 
6000 67839 33435 
6000 67857 33321 
6000 67841 33401 
6000 67786 33417 
6000 67825 33387 
7000 80678 39694 
7000 80763 39726 
7000 80681 39637 
7000 80645 39592 
7000 80631 39689 
7000 80656 39632 
7000 80634 39681 
7000 80691 39584 
7000 80675 39641 
7000 80726 39733 
8000 93672 46707 
8000 93604 46503 
8000 93647 46446 
8000 93608 46422 
8000 93578 46463 
8000 93600 46563 
8000 93636 46587 
8000 93546 46511 
8000 93629 46508 
8000 93654 46491 
9000 107031 52643 
9000 107043 52670 
9000 106915 52517 
9000 107063 52646 
9000 107007 52596 
9000 107048 52610 
9000 107010 52628 
9000 107130 52677 
9000 106914 52685 
9000 107046 52544 
10000 120435 59126 
10000 120520 59149 
10000 120522 59098 
10000 120552 59120 
10000 120440 59120 
10000 120434 59202 
10000 120461 59235 
10000 120480 59201 
10000 120483 59092 
10000 120443 58919 
11000 134048 65634 
11000 134087 65669 
11000 134027 65697 
11000 133939 65713 
11000 134076 65695 
11000 134050 65687 
11000 134058 65775 
11000 134051 65671 
11000 134034 65734 
11000 134164 65766 
12000 147715 72770 
12000 147736 72751 
12000 147693 72751 
12000 147593 72756 
12000 147718 72780 
12000 147630 72769 
12000 147678 72569 
12000 147657 72886 
12000 147723 72840 
12000 147674 72823 
13000 161440 79467 
13000 161496 79394 
13000 161467 79269 
13000 161479 79543 
13000 161415 79371 
13000 161465 79319 
13000 161469 79456 
13000 161401 79373 
13000 161517 79356 
13000 161560 79471 
14000 175546 86522 
14000 175344 86209 
14000 175272 86457 
14000 175347 86317 
14000 175419 86270 
14000 175320 86403 
14000 175372 86319 
14000 175292 86417 
14000 175280 86314 
14000 175469 86360 
15000 189405 93494 
15000 189345 93623 
15000 189292 93356 
15000 189346 93529 
15000 189281 93583 
15000 189369 93574 
15000 189233 93429 
15000 189289 93336 
15000 189280 93597 
15000 189339 93465 
16000 203288 101088 
16000 203288 101079 
16000 203223 101029 
16000 203349 101183 
16000 203303 101014 
16000 203304 101064 
16000 203335 100976 
16000 203219 101105 
16000 203311 100905 
16000 203300 101066 
17000 217531 107779 
17000 217516 107641 
17000 217673 107705 
17000 217350 107708 
17000 217486 107697 
17000 217574 107784 
17000 217547 107612 
17000 217478 107724 
17000 217494 107666 
17000 217557 107802 
18000 231920 114423 
18000 232008 114347 
18000 231931 114312 
18000 231959 114422 
18000 232063 114170 
18000 231923 114228 
18000 231923 114299 
18000 231920 114327 
18000 232037 114222 
18000 231888 114162 
19000 246427 121112 
19000 246424 121035 
19000 246430 121138 
19000 246426 121071 
19000 246348 121039 
19000 246507 121039 
19000 246398 121040 
19000 246240 121007 
19000 246388 120929 
19000 246483 121252 
20000 260961 128305 
20000 260978 128425 
20000 261071 128382 
20000 260892 128263 
20000 260714 128433 
20000 260795 128249 
20000 260939 128290 
20000 260944 128215 
20000 260956 128229 
20000 260781 128238 
21000 275258 135240 
21000 275316 135467 
21000 275524 135420 
21000 275393 135404 
21000 275382 135418 
21000 275392 135296 
21000 275287 135263 
21000 275528 135511 
21000 275325 135282 
21000 275488 135363 
22000 290131 142370 
22000 290169 142416 
22000 290158 142418 
22000 290145 142373 
22000 290135 142476 
22000 290051 142489 
22000 290024 142418 
22000 289990 142486 
22000 289949 142237 
22000 290108 142496 
23000 304646 149743 
23000 304670 149859 
23000 304823 149908 
23000 304653 149952 
23000 304579 149742 
23000 304632 149586 
23000 304766 149806 
23000 304720 149676 
23000 304726 149840 
23000 304652 149821 
24000 319352 157472 
24000 319363 157496 
24000 319348 157670 
24000 319474 157447 
24000 319389 157634 
24000 319411 157408 
24000 319316 157623 
24000 319180 157619 
24000 319168 157446 
24000 319311 157597 
25000 334002 164874 
25000 334101 165131 
25000 334082 164844 
25000 333822 164965 
25000 334185 164948 
25000 333919 164886 
25000 334261 164867 
25000 334021 165126 
25000 334069 165038 
25000 334214 164864 
26000 349008 171817 
26000 348917 171732 
26000 348835 171786 
26000 348895 171851 
26000 349048 171749 
26000 348932 171990 
26000 348998 171982 
26000 349023 171948 
26000 348952 171855 
26000 348969 171626 
27000 364041 179038 
27000 363954 179120 
27000 363871 179081 
27000 363865 179066 
27000 363832 179146 
27000 363800 179104 
27000 363786 178911 
27000 363983 179099 
27000 363801 179040 
27000 363585 179043 
28000 378662 186705 
28000 378992 186776 
28000 378832 186633 
28000 378728 186585 
28000 378863 186549 
28000 378776 186726 
28000 378796 186720 
28000 378592 186750 
28000 378711 186973 
28000 378755 186738 
29000 393733 194565 
29000 393684 194451 
29000 393612 194479 
29000 393362 194223 
29000 393839 194613 
29000 393592 194515 
29000 393746 194610 
29000 393787 194396 
29000 393565 194432 
29000 393684 194526 
30000 408484 201736 
30000 408614 201979 
30000 408724 201914 
30000 408620 201890 
30000 408520 201724 
30000 408507 201741 
30000 408595 201882 
30000 408676 201746 
30000 408594 201906 
30000 408526 201985 
31000 423604 209933 
31000 423752 209936 
31000 423589 209816 
31000 423787 209817 
31000 423573 209875 
31000 423682 210093 
31000 423712 209928 
31000 423544 209782 
31000 423667 209939 
31000 423452 209589 
32000 438401 217905 
32000 438467 218040 
32000 438584 217982 
32000 438698 218051 
32000 438642 218121 
32000 438517 217966 
32000 438663 218039 
32000 438389 217794 
32000 438502 218241 
32000 438418 218114 
33000 453642 226407 
33000 453722 226107 
33000 453681 226094 
33000 453610 226091 
33000 453759 226229 
33000 453680 226410 
33000 453746 226076 
33000 453581 226281 
33000 453701 226278 
33000 453808 226136 
34000 469038 232530 
34000 469102 232540 
34000 469067 232304 
34000 469029 232419 
34000 469104 232311 
34000 468999 232386 
34000 469020 232416 
34000 469084 232554 
34000 469109 232461 
34000 469039 232793 
35000 484356 239544 
35000 484596 239638 
35000 484517 239450 
35000 484601 239456 
35000 484569 239476 
35000 484446 239482 
35000 484371 239450 
35000 484424 239600 
35000 484546 239475 
35000 484541 239540 
36000 499923 246556 
36000 499727 246482 
36000 499799 246212 
36000 499687 246538 
36000 500151 246651 
36000 499793 246546 
36000 499940 246304 
36000 500060 246414 
36000 500067 246479 
36000 499858 246372 
37000 515359 254055 
37000 515368 254288 
37000 515304 254131 
37000 515541 254230 
37000 515346 254100 
37000 515459 254383 
37000 515273 254228 
37000 515437 254464 
37000 515288 254345 
37000 515260 254260 
38000 530817 261163 
38000 530945 261333 
38000 530808 261157 
38000 530843 261343 
38000 530897 261189 
38000 530630 261080 
38000 530841 260967 
38000 530719 261222 
38000 530703 261244 
38000 530887 261263 
39000 546615 268840 
39000 546186 268917 
39000 546186 268871 
39000 546437 268861 
39000 546343 269057 
39000 546273 269072 
39000 546300 268886 
39000 546136 268962 
39000 546370 268812 
39000 546250 269059 
40000 561964 276687 
40000 561526 276527 
40000 561887 276634 
40000 562000 276753 
40000 561701 276539 
40000 561628 276387 
40000 561861 276583 
40000 561933 276398 
40000 561697 276800 
40000 561620 276663 
41000 577184 284907 
41000 577367 285382 
41000 577542 285074 
41000 577168 285255 
41000 577395 285249 
41000 577296 285101 
41000 577303 285178 
41000 577242 285245 
41000 577266 284964 
41000 577395 284804 
42000 592728 291701 
42000 592819 291875 
42000 593005 291811 
42000 592845 291830 
42000 592868 291628 
42000 592960 291847 
42000 592905 291612 
42000 593004 291923 
42000 592803 291493 
42000 592890 291948 
43000 608646 299214 
43000 608497 299512 
43000 608619 299383 
43000 608344 299441 
43000 608590 299370 
43000 608426 299246 
43000 608582 299522 
43000 608470 299455 
43000 608706 299426 
43000 608532 299449 
44000 624294 307076 
44000 624004 306680 
44000 624066 306841 
44000 624045 306792 
44000 623958 306715 
44000 624217 306435 
44000 623957 306939 
44000 624050 306786 
44000 624085 307008 
44000 623906 306802 
45000 639709 315352 
45000 639504 315128 
45000 639588 315160 
45000 639696 315152 
45000 639694 315054 
45000 639749 314958 
45000 639624 315010 
45000 639722 315176 
45000 639840 315422 
45000 639979 315216 
46000 655238 322503 
46000 655395 322557 
46000 655213 322455 
46000 655247 322393 
46000 655432 322759 
46000 655560 322672 
46000 655313 322561 
46000 655376 322571 
46000 655465 322559 
46000 655179 322716 
47000 670988 330950 
47000 671105 330880 
47000 670963 330837 
47000 670947 330612 
47000 671052 330705 
47000 671015 330776 
47000 671053 330611 
47000 670669 330645 
47000 671207 330975 
47000 670765 330760 
48000 686550 338974 
48000 686825 338892 
48000 686550 338759 
48000 686694 339174 
48000 686666 339113 
48000 686645 339183 
48000 686435 339065 
48000 686637 338996 
48000 686756 339180 
48000 686549 338997 
49000 702246 348098 
49000 702135 348016 
49000 702228 347914 
49000 702301 347814 
49000 702331 347921 
49000 702220 348012 
49000 702482 348277 
49000 702449 347957 
49000 702416 347935 
49000 702452 347988 
50000 718077 355005 
50000 718012 354974 
50000 718187 354861 
50000 718096 355064 
50000 717961 354815 
50000 717965 355145 
50000 718045 354872 
50000 718146 355075 
50000 718101 354868 
50000 718317 354627 
